2020/10/27 15:58:42

nTrain = 0
nValid = 0
nTest = 1000
nEpochs = 200
batchSize = 200
validationInterval = 1000

lossFunction = <class 'torch.nn.modules.loss.CrossEntropyLoss'>
OptimAlg = ADAM
learningRate = 0.001
beta1 = 0.9
beta2 = 0.999
device = cpu

bias = False
nonlinearity = <class 'torch.nn.modules.activation.ReLU'>
dimNodeSignals = [1, 1]
nShiftTaps = [1]
nFilterNodes = [50]
dimLayersMLP = [9]

nFeatureBank = 1
nClasses = 9
k = 1
nLayers = 1
Feature Reduction = True
Class Reduction = True
Used Architecture = LinConvNet
Edge Function = KNN Correlation
EdgeFn Threshold = 5

Runtime = 305.55322974105366

Prediction = [[0.00011139 0.00011133 0.0001113  ... 0.00011133 0.00011103 0.00011122]
 [0.00011104 0.00011092 0.00011138 ... 0.00011133 0.00011115 0.00011093]
 [0.00011072 0.00011071 0.00011152 ... 0.00011135 0.00011119 0.00011058]
 ...
 [0.00011071 0.00011107 0.0001112  ... 0.00011092 0.0001113  0.00011099]
 [0.00011138 0.00011148 0.00011096 ... 0.00011076 0.00011146 0.00011171]
 [0.00011132 0.00011135 0.00011108 ... 0.00011123 0.00011099 0.00011132]]
costBest = 0.911
costLast = 0.911
GE_best = [132.78 137.87 136.23 132.36 140.49 137.92 143.35 145.27 146.5  144.9
 142.39 142.05 142.22 145.85 144.47 145.35 139.26 143.02 142.55 141.71
 144.1  142.62 141.5  139.67 139.47 143.03 144.12 144.11 144.66 146.04
 148.26 148.68 150.07 150.5  149.12 148.64 149.38 151.37 149.04 147.25
 146.72 146.79 146.88 144.67 144.96 145.83 145.48 145.08 147.33 149.49
 149.96 150.61 151.88 153.92 152.34 152.73 152.79 152.48 152.54 151.93
 152.54 153.62 152.56 153.14 152.96 153.22 152.43 153.07 153.2  152.86
 154.49 154.99 154.16 154.14 153.86 153.61 154.68 155.66 154.57 153.1
 151.81 152.29 152.47 152.06 152.22 151.41 149.22 148.6  149.48 150.29
 149.   148.08 148.9  148.38 147.34 147.66 146.97 147.54 147.57 147.11
 147.72 147.3  147.08 148.6  148.89 149.95 149.28 148.11 146.86 146.49
 146.19 145.57 145.53 145.78 146.3  147.38 148.71 148.75 148.63 148.49
 149.91 150.12 150.36 150.96 151.32 151.27 152.61 152.7  153.54 152.91
 153.32 153.79 153.8  153.86 154.41 155.11 155.15 156.02 156.48 157.17
 157.03 157.7  158.26 159.18 160.21 160.31 159.93 160.29 160.49 160.45
 160.72 161.49 161.81 163.18 163.98 164.4  163.88 163.56 163.82 162.88
 162.35 161.98 162.46 161.61 161.18 161.6  162.89 163.16 163.67 163.41
 164.09 164.19 163.45 163.92 162.98 162.71 162.87 163.   163.72 163.87
 163.48 163.99 163.69 163.98 164.48 164.3  165.4  166.21 165.84 166.12
 166.82 166.69 166.37 167.21 167.22 167.2  166.96 168.37 168.74 169.04
 169.88 170.13 171.84 171.8  172.47 171.75 171.21 170.75 170.01 169.36
 168.93 169.18 170.15 170.46 170.19 169.8  169.54 170.62 171.51 171.68
 170.94 171.6  172.18 172.95 172.75 173.53 172.97 172.87 172.85 172.4
 172.98 173.45 173.7  172.79 172.54 173.07 173.45 173.4  173.38 173.6
 173.53 173.13 172.64 173.46 173.33 173.68 174.06 175.81 176.38 176.05
 176.2  176.86 176.6  177.06 176.23 175.58 175.54 176.05 176.17 176.58
 176.42 176.54 175.97 176.82 176.24 177.14 177.   176.61 175.9  176.5
 177.21 176.59 176.73 176.71 176.58 176.89 177.22 177.68 177.25 177.12
 177.96 177.5  177.95 178.17 177.99 177.31 177.86 177.87 177.89 177.57
 178.31 178.65 178.8  180.02 180.1  180.97 180.59 181.08 181.06 180.99
 181.19 181.27 181.66 182.35 182.37 182.56 182.42 182.12 183.18 183.72
 183.9  184.38 184.04 184.15 184.42 184.13 184.09 184.13 184.22 184.53
 184.49 184.89 185.25 185.66 185.36 186.31 186.96 186.33 187.79 187.43
 188.17 188.61 188.82 189.65 189.62 190.3  191.43 190.97 191.43 190.97
 191.53 191.38 191.33 191.64 192.1  192.47 192.98 193.4  193.86 193.58
 193.5  193.67 193.79 194.19 194.56 194.29 194.73 194.69 194.53 195.17
 195.45 196.17 195.78 194.8  195.33 195.25 195.55 195.79 195.59 195.18
 194.99 195.17 194.66 193.93 193.8  194.25 194.94 195.44 195.15 195.51
 195.78 195.86 195.69 196.37 196.31 196.72 196.12 195.87 196.45 195.81
 195.82 195.73 196.08 195.86 195.74 195.52 195.45 195.39 195.19 195.76
 195.34 195.09 195.34 195.42 195.7  195.86 196.18 196.36 195.91 195.58
 195.23 195.41 196.05 196.16 197.15 197.23 197.15 196.86 196.49 196.75
 196.62 197.34 197.88 197.63 198.13 198.23 198.18 198.94 198.83 199.31
 199.08 199.14 199.36 199.41 199.68 199.83 200.44 200.5  199.81 200.52
 200.17 200.33 200.88 201.05 200.88 200.93 201.16 201.08 200.86 200.97
 200.79 201.03 201.03 200.92 200.91 200.72 201.24 201.16 201.38 201.59
 201.53 202.05 202.42 202.53 202.16 202.39 202.39 201.98 202.38 202.33
 202.16 202.31 202.3  202.04 202.36 201.65 201.61 201.8  201.66 202.14
 201.72 201.92 202.24 202.54 202.53 202.73 203.03 202.76 202.47 202.92
 203.01 203.04 202.93 203.47 202.85 203.15 203.28 203.21 202.54 202.51
 202.03 202.25 201.83 202.17 201.75 201.91 202.46 202.61 202.31 202.4
 202.34 202.49 202.27 202.52 202.5  202.69 202.97 202.94 203.43 203.13
 203.05 203.68 203.74 203.84 203.79 203.81 203.68 203.6  203.4  203.38
 203.21 203.89 204.38 204.66 204.56 204.68 205.2  205.02 205.64 205.13
 205.48 205.6  206.01 206.26 205.8  205.91 205.34 205.19 205.16 204.9
 205.03 205.05 205.53 205.91 205.87 206.03 206.48 206.2  206.56 206.8
 206.29 206.3  206.54 206.15 206.24 206.37 206.56 206.68 206.66 206.49
 206.44 205.89 206.32 206.17 206.25 206.3  206.3  206.27 206.4  206.53
 206.7  206.59 206.4  206.23 206.15 206.41 206.38 206.22 206.44 207.42
 207.5  207.41 208.13 208.61 208.93 208.96 208.64 208.8  208.86 208.55
 208.4  208.61 208.66 209.13 209.46 209.54 209.92 210.01 210.3  210.25
 210.23 210.34 210.71 210.95 211.31 210.94 211.14 210.93 211.15 211.5
 211.89 211.66 211.52 211.63 211.72 211.8  211.85 211.48 211.82 211.54
 211.39 211.65 211.95 212.42 212.49 212.3  211.89 211.83 211.89 211.89
 211.98 211.65 211.56 211.67 211.18 211.03 211.49 211.6  211.9  212.22
 212.01 212.13 211.8  211.9  211.93 211.98 212.09 212.28 212.73 212.97
 212.64 212.57 212.23 212.   211.69 211.37 211.37 211.11 211.07 211.05
 210.62 210.6  210.78 210.56 210.66 211.21 211.26 210.82 211.06 211.38
 211.53 212.18 211.89 212.59 212.69 212.7  212.7  212.94 213.1  213.16
 213.09 213.18 213.05 213.09 213.1  213.53 213.99 214.   213.85 213.99
 213.83 213.86 213.75 213.93 213.74 213.92 214.41 214.47 214.63 214.62
 214.72 215.05 215.06 215.29 215.51 215.52 215.41 215.45 215.68 215.48
 215.76 215.85 215.76 216.12 216.07 216.16 216.29 215.92 216.07 216.25
 216.15 216.85 216.6  215.99 216.44 216.7  216.39 216.43 216.05 216.27
 216.24 216.19 216.21 216.55 216.96 216.95 216.58 216.78 217.   217.07
 216.76 217.17 217.31 217.31 217.37 217.46 218.08 218.08 218.18 218.27
 218.27 217.87 217.99 218.   218.23 218.53 219.1  219.12 219.28 219.23
 218.95 218.85 218.82 218.52 219.1  219.4  219.32 219.43 219.48 219.63
 219.83 219.97 220.08 220.16 219.9  220.1  220.48 220.22 220.31 220.28
 220.23 220.39 220.49 220.64 220.45 220.53 220.66 220.76 220.97 220.78
 220.72 220.83 220.58 221.23 221.46 221.47 221.54 221.82 221.96 222.23
 222.12 222.59 222.21 221.98 222.14 222.04 222.06 222.16 222.62 222.76
 222.58 222.37 222.22 222.3  222.77 222.84 223.2  223.17 223.21 223.36
 223.49 223.27 223.64 223.83 223.89 224.27 223.74 223.86 223.62 223.84
 224.07 223.98 224.01 223.96 224.08 224.05 224.25 224.45 224.53 224.41
 224.44 224.58 224.61 224.83 224.75 224.57 225.05 224.77 224.93 225.11
 225.28 225.47 225.34 225.4  225.52 225.49 225.37 225.34 225.53 225.82
 225.84 226.07 226.04 226.18 226.35 226.45 226.64 226.89 226.58 226.56
 226.47 226.41 226.58 226.5  226.56 226.77 226.35 226.3  226.21 226.45
 226.48 226.17 226.4  226.53 226.52 226.27 226.22 226.17 226.12 225.86
 226.34 226.42 226.72 226.86 227.15 227.36 227.32 227.25 227.25 227.39
 227.5  227.84 227.85 227.95 227.82 227.46 227.79 227.64 227.92 227.88
 227.61 227.69 227.24 227.34 227.12 227.07 227.39 227.31 227.3  227.37
 227.45 227.71 227.81 227.54 227.63 227.82 227.49 227.25 227.03 227.02
 227.21 227.11 227.19 227.11 227.19 227.27 226.96 227.07 227.15 227.12
 227.13 227.21 227.45 227.46 227.48 227.66 228.05 228.18 228.13 228.09
 228.08 227.89 228.2  228.09 228.18 228.17 227.98 227.99 227.95 228.1
 228.39 228.38 228.2  228.2  228.16 228.25 228.27 228.4  228.4  228.39
 228.47 228.6  228.91 229.12 229.18 229.14 229.39 229.83 229.78 229.72
 229.63 229.72 229.8  229.96 230.07 230.2  230.34 230.52 230.48 230.  ]
GE_last = [121.08 119.44 121.81 125.16 129.2  128.35 125.66 123.99 131.22 132.72
 135.59 136.05 134.73 132.27 135.01 135.51 138.07 138.28 139.58 138.68
 138.54 138.72 139.34 141.46 140.56 138.07 139.23 137.87 139.84 140.32
 138.2  138.56 140.96 142.94 142.33 142.04 141.53 144.55 143.84 145.99
 144.78 140.86 141.1  142.06 142.79 142.39 141.45 144.48 144.88 146.73
 144.88 145.13 145.85 145.84 147.51 148.69 151.13 151.75 152.66 153.1
 152.89 152.5  153.56 154.   155.29 155.73 157.02 157.01 156.4  157.06
 155.57 156.41 156.02 155.79 157.35 159.1  158.33 158.08 157.33 158.54
 158.56 158.77 158.67 158.9  159.45 160.2  162.22 163.68 163.11 163.03
 161.85 160.78 160.55 160.96 160.82 161.69 161.31 160.71 160.85 160.46
 161.04 160.8  161.43 161.41 160.96 164.02 163.79 164.18 164.5  165.62
 164.93 166.68 166.76 166.79 166.25 167.08 166.7  167.84 169.53 169.39
 168.71 168.76 168.46 168.14 168.44 169.04 169.83 170.35 170.56 170.13
 170.36 170.02 169.2  171.14 170.72 171.53 170.32 170.17 169.88 168.91
 168.7  169.83 171.2  170.04 169.33 170.63 170.   169.27 169.5  170.44
 170.94 171.16 171.96 172.44 172.71 172.4  172.62 172.91 172.79 173.85
 173.29 174.75 175.34 174.68 175.05 175.   176.05 176.6  175.85 175.87
 175.41 175.4  176.19 177.28 176.86 176.66 176.43 177.69 178.46 179.39
 179.9  178.86 178.54 179.02 178.71 179.5  179.75 179.45 179.69 180.69
 180.24 180.75 179.36 179.39 178.81 177.74 177.25 177.53 177.06 177.49
 177.49 177.49 177.15 176.55 176.85 175.81 175.07 176.42 176.83 176.79
 176.39 176.51 177.39 177.76 177.42 177.59 176.64 176.61 177.18 176.8
 177.16 177.49 176.83 176.62 176.24 176.24 177.02 176.65 176.66 177.24
 176.32 176.4  176.08 176.23 175.85 176.6  176.34 176.32 177.33 177.21
 177.21 178.15 178.23 178.07 177.92 177.3  177.88 177.63 178.46 177.97
 178.34 178.98 179.93 180.1  179.58 179.62 179.66 179.18 178.97 179.59
 180.26 180.32 181.28 181.93 181.73 182.07 181.82 181.12 180.71 181.07
 181.   181.3  181.36 180.88 181.67 181.2  181.92 182.2  182.37 182.16
 182.36 182.32 182.34 183.1  183.11 182.25 182.42 182.49 183.21 183.49
 183.73 183.57 183.44 184.01 184.   183.83 184.77 185.03 185.33 185.5
 185.79 186.05 185.93 186.86 187.05 187.4  187.64 187.74 187.81 187.19
 187.35 187.31 186.89 187.28 188.02 187.84 188.49 188.02 188.35 188.51
 188.18 188.11 187.42 188.28 188.08 187.94 187.56 188.01 187.48 187.13
 186.84 186.96 186.19 186.92 187.46 187.15 187.59 188.11 188.45 188.25
 188.58 188.12 187.94 188.05 188.07 188.28 188.95 188.87 189.28 189.56
 190.08 189.92 190.21 190.38 190.2  189.91 191.31 191.4  191.78 191.8
 191.72 192.79 193.43 193.85 193.63 194.04 194.36 194.22 194.21 194.25
 193.42 193.86 194.3  194.26 194.44 195.34 194.84 195.03 195.53 196.32
 196.34 196.15 196.09 196.02 195.8  195.45 195.42 195.76 195.73 195.98
 196.66 196.63 196.93 197.56 197.42 197.19 197.12 197.25 197.3  197.69
 198.1  198.73 199.12 199.11 199.13 199.13 199.01 198.98 199.03 199.23
 199.17 199.08 199.42 199.88 199.95 199.44 198.45 199.18 199.43 199.42
 199.01 199.04 199.24 199.71 199.57 199.62 199.21 199.12 199.12 199.44
 199.55 199.17 199.76 200.22 200.21 200.29 199.76 199.95 199.55 199.68
 200.06 199.54 199.7  200.08 200.12 200.22 199.52 199.42 199.08 198.84
 198.71 199.19 200.17 199.98 200.08 200.58 200.79 200.5  200.33 200.51
 200.52 200.13 200.31 199.72 199.81 199.8  199.84 199.54 199.78 200.03
 200.2  200.44 200.92 200.85 201.46 201.79 201.85 201.94 202.23 202.15
 202.32 202.93 202.73 202.53 202.41 202.86 202.46 201.76 201.58 201.42
 201.68 200.9  200.92 201.   201.17 201.3  201.66 201.57 201.73 201.26
 200.96 200.77 200.66 200.38 199.88 199.42 199.21 199.82 199.86 199.95
 200.14 199.89 200.12 199.92 199.59 199.54 199.2  199.43 199.53 199.54
 199.62 199.5  199.47 199.39 199.08 198.93 199.   199.04 198.65 198.7
 199.07 199.45 199.43 198.95 198.89 199.76 200.   200.07 200.49 201.1
 200.87 200.65 200.75 200.53 200.98 200.87 201.25 201.76 202.01 202.21
 201.72 201.82 201.93 202.38 202.64 202.69 202.83 202.98 202.83 202.82
 202.84 202.81 203.36 203.87 203.7  203.36 203.95 203.79 204.05 204.07
 204.46 204.57 204.43 204.35 204.75 204.78 204.58 204.75 204.79 204.85
 205.07 205.43 205.16 205.13 204.85 204.15 204.38 204.65 205.39 205.7
 205.88 206.4  206.11 206.23 206.28 206.31 206.31 206.27 206.16 206.26
 205.99 206.63 206.36 206.4  206.42 206.44 206.46 206.87 207.18 207.26
 207.34 207.39 207.52 207.84 207.82 207.05 207.01 207.47 207.66 208.3
 207.9  208.43 209.   208.5  208.46 208.83 208.74 209.14 209.25 209.19
 209.26 208.83 209.27 209.57 209.49 209.54 209.53 209.48 210.24 210.1
 210.34 210.62 210.53 210.04 209.97 209.99 209.55 209.52 209.33 209.5
 209.74 209.96 210.22 210.26 210.59 210.81 210.82 210.89 210.71 210.5
 210.49 211.2  211.08 211.29 211.07 211.47 211.64 212.04 212.01 211.9
 212.19 212.43 212.84 212.62 212.69 213.29 213.71 213.99 213.97 214.27
 214.05 214.18 214.11 213.89 213.89 213.84 214.01 214.12 214.51 214.88
 214.69 214.38 214.21 214.79 214.67 214.39 214.18 214.03 214.15 214.02
 214.45 214.11 214.33 214.16 214.18 214.04 214.43 214.66 214.91 214.98
 215.07 214.85 215.03 215.18 215.03 215.03 215.28 215.61 215.44 215.37
 214.68 214.72 214.91 215.29 215.54 215.43 215.46 215.41 215.89 216.09
 216.47 216.47 216.34 216.19 216.65 216.38 216.23 216.18 216.44 216.62
 216.91 217.12 217.35 217.57 217.71 217.45 217.18 217.16 217.2  217.65
 217.98 218.19 218.27 218.39 218.51 218.25 218.42 218.66 218.71 218.16
 218.13 218.39 218.26 218.54 218.75 218.98 218.93 218.64 218.16 218.19
 218.33 218.18 218.07 218.1  218.01 217.92 218.4  218.37 218.49 218.4
 218.18 217.68 217.43 217.12 217.41 217.39 217.86 217.93 217.7  217.78
 217.45 217.86 218.17 217.88 217.92 217.48 217.55 217.5  217.55 217.61
 217.18 217.68 217.97 217.88 218.2  218.03 218.13 217.97 217.8  218.11
 218.02 218.05 218.09 218.36 218.54 218.38 218.49 218.73 219.08 218.7
 219.01 218.94 218.85 219.09 219.32 218.98 218.91 218.57 218.84 218.6
 218.73 218.62 218.74 218.51 218.81 218.6  218.8  218.93 219.02 219.12
 218.9  218.77 218.65 218.7  218.75 218.86 219.34 219.29 219.47 219.84
 220.26 220.69 220.45 220.75 221.09 220.96 220.71 220.9  220.84 220.8
 221.21 221.41 221.56 221.49 221.5  221.4  221.9  221.87 221.74 222.01
 222.21 221.95 222.3  222.23 222.18 222.23 222.24 222.65 222.67 222.89
 223.04 223.08 223.04 223.03 223.15 223.16 223.81 223.75 223.94 223.96
 224.41 224.31 224.55 224.68 224.79 225.17 224.99 225.09 225.29 225.24
 225.38 225.7  226.01 225.86 226.12 226.14 225.83 225.71 225.75 226.
 226.09 226.05 226.3  226.36 226.14 226.51 226.72 226.64 226.68 226.9
 226.72 226.73 226.62 226.63 226.3  226.09 226.29 226.2  226.04 226.29
 226.8  226.88 226.92 226.83 227.13 227.07 227.26 227.03 227.16 227.53
 227.53 227.73 227.95 227.99 227.91 228.07 227.76 227.99 227.99 228.19
 227.79 227.97 227.99 228.11 227.8  228.02 227.93 227.67 227.96 228.26
 228.19 228.42 228.67 228.64 228.96 229.26 229.29 229.52 229.23 229.47
 229.6  229.77 229.65 229.7  229.58 229.65 229.5  229.59 229.36 229.55
 229.57 229.38 229.47 229.57 229.34 229.39 229.43 229.42 229.38 229.58
 229.82 230.13 230.14 230.1  230.14 230.15 230.19 230.34 230.3  230.  ]

bias = False
nonlinearity = <class 'torch.nn.modules.activation.ReLU'>
dimNodeSignals = [1, 1]
nShiftTaps = [2]
nFilterNodes = [50]
dimLayersMLP = [9]

nFeatureBank = 1
nClasses = 9
k = 2
nLayers = 1
Feature Reduction = True
Class Reduction = True
Used Architecture = LinConvNet
Edge Function = KNN Correlation
EdgeFn Threshold = 5

Runtime = 309.4525883391034

Prediction = [[0.00011347 0.00010842 0.00011216 ... 0.00010895 0.00011071 0.00010958]
 [0.00011316 0.00011145 0.00011054 ... 0.00011459 0.00010933 0.00011081]
 [0.00011242 0.00011448 0.00010935 ... 0.00011852 0.00010919 0.0001121 ]
 ...
 [0.00010962 0.00011252 0.00011234 ... 0.00011288 0.00011216 0.00011127]
 [0.00011174 0.00010552 0.00011348 ... 0.00010288 0.0001103  0.00010902]
 [0.00011128 0.0001103  0.00011155 ... 0.0001104  0.00011139 0.00011026]]
costBest = 0.91
costLast = 0.91
GE_best = [140.3  147.07 154.96 161.08 163.89 166.62 170.06 173.59 178.   179.89
 180.39 182.39 181.72 183.19 184.98 187.4  188.54 188.81 189.55 191.92
 195.57 199.33 199.98 202.47 204.49 205.13 206.08 206.48 208.13 209.33
 212.5  212.44 213.72 215.81 218.04 219.79 221.49 222.34 221.79 222.83
 224.06 225.34 226.26 226.92 228.08 228.5  229.29 231.11 231.24 231.28
 231.79 232.79 232.23 232.01 232.82 232.73 232.65 233.39 233.51 233.84
 233.11 233.42 233.85 233.59 233.57 233.43 233.54 232.85 233.6  233.42
 234.35 235.28 236.19 236.58 237.28 237.01 236.79 236.99 237.86 238.92
 238.89 239.39 239.78 239.85 240.43 240.7  241.57 241.41 242.22 242.44
 242.56 242.87 242.88 243.4  243.46 243.96 244.4  244.03 244.84 245.06
 244.96 245.03 244.84 244.66 244.86 245.23 245.54 245.36 245.52 245.53
 245.67 245.84 245.73 246.07 245.81 246.03 246.34 246.79 246.84 247.04
 247.35 247.41 247.23 247.28 247.56 247.69 247.8  248.11 248.36 248.35
 248.34 248.39 248.17 248.28 248.38 248.21 247.98 248.16 248.44 248.46
 248.83 248.5  248.61 248.88 249.25 249.15 249.59 249.83 249.77 249.58
 249.67 249.84 250.02 250.17 250.21 250.31 250.68 251.02 251.1  251.38
 251.36 251.18 251.21 251.24 251.26 251.31 251.21 251.27 251.27 251.36
 251.38 251.47 251.58 251.77 251.93 252.   252.   252.15 252.24 252.4
 252.4  252.42 252.36 252.37 252.5  252.57 252.51 252.63 252.77 252.72
 252.69 252.73 252.62 252.62 252.65 252.84 253.07 253.19 253.15 253.06
 253.32 253.24 253.23 253.29 253.37 253.41 253.45 253.47 253.51 253.48
 253.47 253.38 253.52 253.48 253.45 253.52 253.55 253.54 253.51 253.56
 253.59 253.57 253.52 253.56 253.58 253.65 253.7  253.78 253.68 253.78
 253.8  253.82 253.89 253.89 253.9  253.96 254.01 254.02 254.09 254.04
 254.07 254.14 254.12 254.14 254.1  254.06 254.08 254.04 254.04 254.04
 254.06 254.06 254.14 254.09 254.14 254.19 254.1  254.11 254.13 254.2
 254.2  254.31 254.31 254.25 254.2  254.22 254.28 254.3  254.31 254.3
 254.38 254.42 254.39 254.38 254.42 254.37 254.36 254.33 254.31 254.35
 254.39 254.37 254.42 254.42 254.39 254.41 254.47 254.49 254.53 254.51
 254.55 254.56 254.53 254.59 254.55 254.53 254.55 254.55 254.58 254.56
 254.58 254.57 254.55 254.53 254.6  254.6  254.62 254.56 254.53 254.58
 254.56 254.6  254.6  254.6  254.63 254.64 254.67 254.68 254.69 254.68
 254.68 254.71 254.73 254.73 254.72 254.72 254.73 254.7  254.72 254.71
 254.73 254.77 254.77 254.77 254.77 254.75 254.76 254.78 254.79 254.81
 254.79 254.83 254.83 254.84 254.88 254.86 254.86 254.87 254.89 254.88
 254.88 254.89 254.89 254.9  254.9  254.89 254.9  254.9  254.9  254.88
 254.88 254.88 254.88 254.88 254.88 254.86 254.86 254.87 254.88 254.87
 254.89 254.88 254.9  254.89 254.85 254.86 254.87 254.87 254.87 254.88
 254.88 254.88 254.88 254.89 254.92 254.93 254.9  254.9  254.91 254.92
 254.92 254.91 254.92 254.93 254.93 254.94 254.93 254.93 254.93 254.94
 254.94 254.94 254.94 254.93 254.93 254.93 254.93 254.93 254.93 254.93
 254.95 254.95 254.97 254.96 254.97 254.98 254.98 254.95 254.96 254.99
 254.99 254.98 254.99 254.99 254.98 254.98 254.98 254.98 254.98 254.98
 254.98 254.98 254.98 254.98 254.98 254.98 254.98 254.98 254.98 254.98
 254.98 254.98 254.98 254.98 254.98 254.98 254.98 254.98 254.98 254.99
 254.98 254.98 254.98 254.98 254.98 254.98 254.98 254.98 254.98 254.98
 254.98 254.98 254.98 254.99 254.99 254.99 254.99 254.99 254.99 254.99
 254.99 254.99 254.99 254.99 254.99 254.99 254.99 254.99 254.99 254.99
 255.   255.   255.   255.   255.   255.   255.   255.   255.   255.
 255.   255.   255.   255.   255.   255.   255.   255.   255.   255.
 255.   255.   255.   255.   255.   255.   255.   255.   255.   255.
 255.   255.   255.   255.   255.   255.   255.   255.   255.   255.
 255.   255.   254.99 255.   255.   255.   255.   255.   255.   255.
 255.   255.   255.   255.   255.   255.   255.   255.   255.   255.
 255.   255.   255.   255.   255.   255.   255.   255.   255.   255.
 255.   255.   255.   255.   255.   255.   255.   255.   255.   255.
 255.   255.   255.   255.   255.   255.   255.   254.99 255.   255.
 255.   254.99 255.   255.   255.   255.   255.   255.   255.   255.
 255.   255.   255.   255.   255.   255.   255.   255.   255.   255.
 255.   255.   255.   255.   255.   255.   255.   255.   255.   255.
 255.   255.   255.   255.   255.   255.   255.   255.   255.   255.
 255.   255.   255.   255.   255.   255.   255.   255.   255.   255.
 255.   255.   255.   255.   255.   255.   255.   255.   255.   255.
 255.   255.   255.   255.   255.   255.   255.   255.   255.   255.
 255.   255.   255.   255.   255.   255.   255.   255.   255.   255.
 255.   255.   255.   255.   255.   255.   255.   255.   255.   255.
 255.   255.   255.   255.   255.   255.   255.   255.   255.   255.
 255.   255.   255.   255.   255.   255.   255.   255.   255.   255.
 255.   255.   255.   255.   255.   255.   255.   255.   255.   255.
 255.   255.   255.   255.   255.   255.   255.   255.   255.   255.
 255.   255.   255.   255.   255.   255.   255.   255.   255.   255.
 255.   255.   255.   255.   255.   255.   255.   255.   255.   255.
 255.   255.   255.   255.   255.   255.   255.   255.   255.   255.
 255.   255.   255.   255.   255.   255.   255.   255.   255.   255.
 255.   255.   255.   255.   255.   255.   255.   255.   255.   255.
 255.   255.   255.   255.   255.   255.   255.   255.   255.   255.
 255.   255.   255.   255.   255.   255.   255.   255.   255.   255.
 255.   255.   255.   255.   255.   255.   255.   255.   255.   255.
 255.   255.   255.   255.   255.   255.   255.   255.   255.   255.
 255.   255.   255.   255.   255.   255.   255.   255.   255.   255.
 255.   255.   255.   255.   255.   255.   255.   255.   255.   255.
 255.   255.   255.   255.   255.   255.   255.   255.   255.   255.
 255.   255.   255.   255.   255.   255.   255.   255.   255.   255.
 255.   255.   255.   255.   255.   255.   255.   255.   255.   255.
 255.   255.   255.   255.   255.   255.   255.   255.   255.   255.
 255.   255.   255.   255.   255.   255.   255.   255.   255.   255.
 255.   255.   255.   255.   255.   255.   255.   255.   255.   255.
 255.   255.   255.   255.   255.   255.   255.   255.   255.   255.
 255.   255.   255.   255.   255.   255.   255.   255.   255.   255.
 255.   255.   255.   255.   255.   255.   255.   255.   255.   255.
 255.   255.   255.   255.   255.   255.   255.   255.   255.   255.
 255.   255.   255.   255.   255.   255.   255.   255.   255.   255.
 255.   255.   255.   255.   255.   255.   255.   255.   255.   255.
 255.   255.   255.   255.   255.   255.   255.   255.   255.   255.
 255.   255.   255.   255.   255.   255.   255.   255.   255.   255.
 255.   255.   255.   255.   255.   255.   255.   255.   255.   255.
 255.   255.   255.   255.   255.   255.   255.   255.   255.   255.
 255.   255.   255.   255.   255.   255.   255.   255.   255.   255.
 255.   255.   255.   255.   255.   255.   255.   255.   255.   255.
 255.   255.   255.   255.   255.   255.   255.   255.   255.   255.  ]
GE_last = [129.96 129.5  137.18 144.32 144.24 155.79 162.75 169.16 171.64 174.89
 175.   174.88 175.27 175.41 178.75 179.76 180.62 182.75 181.36 183.14
 186.34 186.79 187.88 187.62 187.81 188.85 192.38 193.17 194.85 196.35
 198.6  199.3  201.23 203.56 204.72 204.43 205.97 206.75 208.31 208.65
 210.46 211.2  212.05 214.49 214.73 216.22 217.62 218.85 218.94 218.71
 219.62 220.2  219.86 220.47 220.4  220.13 220.25 221.   222.22 221.75
 222.2  223.02 223.93 224.39 225.18 226.23 227.55 227.85 228.61 228.65
 229.87 230.88 231.5  231.86 231.89 231.81 232.04 233.12 233.89 233.88
 233.95 233.74 234.93 235.01 235.34 235.41 236.29 236.6  237.42 237.6
 237.74 237.54 237.3  237.41 237.91 238.51 238.46 238.56 238.3  238.18
 237.79 238.55 238.44 238.73 238.88 239.38 239.57 240.02 240.69 240.84
 241.07 240.93 241.13 241.71 242.2  242.25 241.95 242.04 241.84 242.3
 242.97 242.79 242.83 242.83 243.29 243.23 243.26 244.   244.21 244.4
 244.41 244.61 244.77 245.03 245.32 244.97 244.93 245.14 245.41 246.08
 246.27 246.38 246.28 246.73 246.68 246.76 247.03 246.76 247.13 247.48
 247.48 247.35 247.58 247.8  248.19 247.98 248.   248.28 248.34 248.43
 248.24 248.25 248.25 247.74 248.04 248.24 248.3  248.29 248.24 248.28
 248.21 248.6  248.54 248.7  248.68 248.54 248.41 248.37 248.08 248.3
 248.34 248.56 248.71 248.98 248.84 248.86 248.92 248.98 248.75 248.73
 248.8  249.25 249.34 249.65 249.61 249.79 250.01 249.98 250.21 250.14
 250.26 250.44 250.4  250.58 250.62 250.68 250.87 250.83 250.74 251.3
 251.44 251.44 251.66 251.76 251.95 252.04 251.95 252.05 252.3  252.28
 252.35 252.27 252.25 252.26 252.27 252.42 252.5  252.49 252.59 252.66
 252.6  252.72 252.68 252.75 252.72 252.68 252.6  252.59 252.75 252.82
 252.91 252.9  252.96 253.06 253.01 253.05 253.09 253.04 253.08 253.06
 253.21 253.26 253.33 253.37 253.4  253.33 253.54 253.51 253.46 253.41
 253.54 253.5  253.53 253.56 253.67 253.72 253.76 253.82 253.9  253.81
 253.81 253.77 253.91 253.93 253.94 253.94 253.97 254.05 253.99 254.03
 254.   253.99 254.09 254.21 254.16 254.26 254.26 254.26 254.31 254.31
 254.3  254.3  254.36 254.36 254.34 254.39 254.42 254.41 254.49 254.45
 254.48 254.46 254.44 254.45 254.48 254.46 254.55 254.56 254.6  254.57
 254.61 254.57 254.59 254.63 254.68 254.66 254.67 254.66 254.64 254.63
 254.68 254.73 254.74 254.75 254.73 254.76 254.75 254.76 254.71 254.71
 254.73 254.74 254.76 254.77 254.8  254.78 254.77 254.77 254.77 254.76
 254.75 254.75 254.73 254.73 254.75 254.76 254.77 254.79 254.79 254.78
 254.76 254.75 254.74 254.75 254.74 254.76 254.77 254.77 254.76 254.78
 254.78 254.78 254.79 254.81 254.83 254.79 254.81 254.82 254.84 254.81
 254.84 254.82 254.84 254.84 254.84 254.84 254.84 254.83 254.85 254.85
 254.85 254.86 254.85 254.85 254.87 254.87 254.86 254.88 254.88 254.9
 254.89 254.9  254.88 254.87 254.89 254.9  254.9  254.87 254.89 254.91
 254.92 254.92 254.92 254.92 254.91 254.9  254.9  254.91 254.93 254.94
 254.95 254.94 254.95 254.95 254.96 254.95 254.94 254.95 254.96 254.95
 254.95 254.95 254.94 254.96 254.96 254.96 254.96 254.96 254.96 254.96
 254.96 254.96 254.96 254.96 254.96 254.96 254.96 254.96 254.97 254.97
 254.97 254.97 254.97 254.97 254.97 254.99 254.99 254.99 254.99 254.99
 254.99 254.99 254.99 254.99 254.99 254.99 254.99 254.99 254.99 254.99
 254.99 254.99 254.99 254.99 254.99 254.98 254.99 254.98 254.97 254.98
 254.97 254.99 254.99 255.   254.99 254.99 254.98 254.98 254.98 254.99
 254.99 254.99 255.   255.   254.99 254.99 254.99 254.99 254.99 254.99
 254.99 254.99 254.99 254.99 254.99 254.99 254.99 254.99 254.99 254.99
 254.99 254.99 254.99 254.99 254.99 254.99 254.99 254.99 254.99 254.99
 254.99 254.99 254.99 254.99 254.99 254.99 254.99 254.99 254.99 254.99
 254.99 254.99 254.99 254.99 254.99 254.99 254.99 254.99 254.99 254.99
 254.99 254.99 254.99 254.99 254.99 254.99 254.99 254.99 254.99 254.99
 254.99 254.99 254.99 254.99 254.99 254.99 254.99 254.99 254.99 254.99
 254.99 254.99 254.99 254.99 254.99 254.99 255.   255.   255.   255.
 255.   255.   255.   255.   255.   255.   255.   255.   255.   255.
 255.   255.   255.   255.   255.   255.   255.   255.   255.   255.
 255.   255.   255.   255.   255.   255.   255.   255.   255.   255.
 255.   255.   255.   255.   255.   255.   255.   255.   255.   255.
 255.   255.   255.   255.   255.   255.   255.   255.   255.   255.
 255.   255.   255.   255.   255.   255.   255.   255.   255.   255.
 255.   255.   255.   255.   255.   255.   255.   255.   255.   255.
 255.   255.   255.   255.   255.   255.   255.   255.   255.   255.
 255.   255.   255.   255.   255.   255.   255.   255.   255.   255.
 255.   255.   255.   255.   255.   255.   255.   255.   255.   255.
 255.   255.   255.   255.   255.   255.   255.   255.   255.   255.
 255.   255.   255.   255.   255.   255.   255.   255.   255.   255.
 255.   255.   255.   255.   255.   255.   255.   255.   255.   255.
 255.   255.   255.   255.   255.   255.   255.   255.   255.   255.
 255.   255.   255.   255.   255.   255.   255.   255.   255.   255.
 255.   255.   255.   255.   255.   255.   255.   255.   255.   255.
 255.   255.   255.   255.   255.   255.   255.   255.   255.   255.
 255.   255.   255.   255.   255.   255.   255.   255.   255.   255.
 255.   255.   255.   255.   255.   255.   255.   255.   255.   255.
 255.   255.   255.   255.   255.   255.   255.   255.   255.   255.
 255.   255.   255.   255.   255.   255.   255.   255.   255.   255.
 255.   255.   255.   255.   255.   255.   255.   255.   255.   255.
 255.   255.   255.   255.   255.   255.   255.   255.   255.   255.
 255.   255.   255.   255.   255.   255.   255.   255.   255.   255.
 255.   255.   255.   255.   255.   255.   255.   255.   255.   255.
 255.   255.   255.   255.   255.   255.   255.   255.   255.   255.
 255.   255.   255.   255.   255.   255.   255.   255.   255.   255.
 255.   255.   255.   255.   255.   255.   255.   255.   255.   255.
 255.   255.   255.   255.   255.   255.   255.   255.   255.   255.
 255.   255.   255.   255.   255.   255.   255.   255.   255.   255.
 255.   255.   255.   255.   255.   255.   255.   255.   255.   255.
 255.   255.   255.   255.   255.   255.   255.   255.   255.   255.
 255.   255.   255.   255.   255.   255.   255.   255.   255.   255.
 255.   255.   255.   255.   255.   255.   255.   255.   255.   255.
 255.   255.   255.   255.   255.   255.   255.   255.   255.   255.
 255.   255.   255.   255.   255.   255.   255.   255.   255.   255.
 255.   255.   255.   255.   255.   255.   255.   255.   255.   255.
 255.   255.   255.   255.   255.   255.   255.   255.   255.   255.
 255.   255.   255.   255.   255.   255.   255.   255.   255.   255.
 255.   255.   255.   255.   255.   255.   255.   255.   255.   255.
 255.   255.   255.   255.   255.   255.   255.   255.   255.   255.
 255.   255.   255.   255.   255.   255.   255.   255.   255.   255.
 255.   255.   255.   255.   255.   255.   255.   255.   255.   255.
 255.   255.   255.   255.   255.   255.   255.   255.   255.   255.  ]

bias = False
nonlinearity = <class 'torch.nn.modules.activation.ReLU'>
dimNodeSignals = [1, 1]
nShiftTaps = [3]
nFilterNodes = [50]
dimLayersMLP = [9]

nFeatureBank = 1
nClasses = 9
k = 3
nLayers = 1
Feature Reduction = True
Class Reduction = True
Used Architecture = LinConvNet
Edge Function = KNN Correlation
EdgeFn Threshold = 5

Runtime = 315.55473450687714

Prediction = [[0.00011084 0.00011098 0.00011109 ... 0.00011096 0.00011128 0.00011097]
 [0.00011033 0.00011118 0.00011062 ... 0.00011091 0.00011105 0.00011049]
 [0.00011025 0.00011133 0.00011036 ... 0.00011085 0.0001108  0.00011024]
 ...
 [0.00011153 0.00011104 0.0001114  ... 0.00011124 0.00011134 0.00011127]
 [0.00011176 0.00011066 0.00011201 ... 0.00011121 0.00011168 0.00011149]
 [0.00011113 0.00011108 0.0001111  ... 0.000111   0.00011113 0.00011119]]
costBest = 0.938
costLast = 0.938
GE_best = [132.94 155.25 159.65 165.47 164.73 163.71 165.55 166.09 174.14 174.13
 175.97 171.94 169.12 172.21 173.74 174.95 177.27 180.85 182.22 185.37
 185.19 185.1  186.04 184.99 186.53 187.46 192.39 193.66 194.36 196.06
 198.8  199.82 202.11 203.55 204.6  206.16 205.55 206.6  206.31 204.65
 206.91 207.68 207.68 210.82 211.65 211.78 212.76 214.24 214.94 214.6
 215.97 216.68 218.11 218.98 219.9  220.15 219.69 219.75 219.59 220.83
 221.95 221.78 221.98 223.73 224.47 226.02 227.2  227.95 229.04 229.28
 229.5  229.62 229.65 230.47 229.84 230.33 230.96 230.81 230.85 231.08
 231.66 231.96 233.44 233.58 234.49 234.64 235.12 235.62 236.05 236.54
 236.41 236.87 237.2  237.51 237.71 237.73 237.96 238.   238.29 238.28
 238.23 238.88 239.64 239.76 239.79 240.18 241.05 240.81 241.2  240.79
 240.66 241.26 241.13 241.41 241.99 242.77 243.26 243.23 243.03 243.05
 243.1  243.38 243.77 244.4  243.94 243.88 243.74 244.11 244.42 244.51
 245.07 244.83 244.93 244.98 245.67 245.69 245.85 246.19 246.35 246.29
 246.31 246.73 246.36 246.19 246.35 246.28 246.5  246.45 247.02 247.4
 247.28 247.2  247.27 247.06 247.23 247.29 247.35 247.38 247.53 247.48
 247.78 247.57 247.79 247.9  248.25 248.04 248.11 248.59 248.73 248.65
 248.5  248.68 248.49 248.64 248.66 248.19 248.59 248.74 249.17 249.06
 248.87 248.76 248.81 248.79 248.76 248.96 249.08 248.98 249.33 249.63
 249.62 249.56 249.61 249.78 249.85 250.04 249.88 249.53 249.7  249.98
 250.02 250.08 250.18 250.29 250.36 250.49 250.61 250.7  251.01 251.11
 251.19 251.07 251.1  251.33 251.36 251.43 251.61 251.77 251.96 252.12
 252.32 252.27 252.23 252.4  252.47 252.48 252.54 252.7  252.8  252.86
 252.84 252.88 252.78 252.95 252.96 252.99 253.14 253.09 253.08 253.04
 253.16 253.22 253.44 253.47 253.58 253.67 253.58 253.83 253.8  253.78
 253.84 253.86 253.92 253.98 253.99 253.96 253.93 253.96 253.93 253.95
 253.92 254.   254.12 254.07 254.12 254.06 254.09 254.14 254.12 254.09
 254.11 254.12 254.19 254.2  254.18 254.23 254.24 254.3  254.28 254.3
 254.36 254.32 254.36 254.41 254.38 254.43 254.39 254.39 254.43 254.42
 254.48 254.52 254.42 254.35 254.38 254.41 254.42 254.46 254.38 254.38
 254.34 254.41 254.39 254.39 254.42 254.43 254.42 254.42 254.4  254.42
 254.42 254.41 254.46 254.45 254.46 254.49 254.48 254.49 254.48 254.48
 254.52 254.51 254.49 254.55 254.52 254.54 254.58 254.6  254.63 254.63
 254.59 254.61 254.61 254.61 254.65 254.68 254.66 254.67 254.67 254.65
 254.65 254.61 254.66 254.67 254.67 254.73 254.74 254.73 254.72 254.71
 254.73 254.73 254.74 254.74 254.74 254.75 254.75 254.72 254.72 254.74
 254.71 254.74 254.75 254.75 254.74 254.75 254.78 254.76 254.78 254.78
 254.78 254.82 254.82 254.83 254.87 254.84 254.83 254.84 254.83 254.85
 254.85 254.88 254.89 254.88 254.88 254.87 254.88 254.88 254.87 254.87
 254.87 254.87 254.88 254.88 254.89 254.89 254.89 254.91 254.9  254.89
 254.87 254.87 254.87 254.87 254.87 254.88 254.88 254.89 254.88 254.9
 254.88 254.89 254.88 254.89 254.89 254.9  254.89 254.89 254.9  254.9
 254.89 254.89 254.9  254.91 254.92 254.89 254.91 254.93 254.89 254.89
 254.91 254.93 254.93 254.93 254.93 254.92 254.93 254.91 254.91 254.9
 254.91 254.93 254.93 254.94 254.94 254.94 254.94 254.95 254.95 254.94
 254.95 254.95 254.95 254.94 254.95 254.95 254.95 254.94 254.95 254.94
 254.94 254.94 254.93 254.94 254.95 254.95 254.95 254.96 254.96 254.96
 254.96 254.96 254.96 254.97 254.97 254.97 254.97 254.97 254.97 254.97
 254.97 254.97 254.97 254.97 254.97 254.97 254.98 254.98 254.97 254.98
 254.98 254.98 254.98 254.98 254.98 254.98 254.98 254.98 254.98 254.98
 254.98 254.98 254.98 254.97 254.98 254.98 254.97 254.97 254.98 254.98
 254.98 254.98 254.97 254.98 254.98 254.98 254.98 254.99 254.99 254.99
 254.99 254.98 254.98 254.98 254.98 254.99 254.99 254.99 254.99 254.99
 254.99 254.99 254.99 254.99 254.99 254.99 254.99 254.99 254.99 254.99
 254.99 254.99 254.99 254.99 254.99 254.99 254.99 254.99 254.99 254.99
 254.99 254.99 254.99 254.99 254.99 254.99 254.99 254.99 254.99 254.99
 254.99 254.99 254.99 254.99 254.99 254.99 254.99 254.99 254.99 254.99
 255.   255.   255.   255.   255.   255.   255.   255.   255.   255.
 255.   255.   255.   255.   255.   255.   255.   255.   255.   255.
 255.   255.   255.   255.   255.   255.   255.   255.   255.   255.
 255.   255.   255.   255.   255.   255.   255.   255.   255.   255.
 255.   255.   255.   255.   255.   255.   255.   255.   255.   255.
 255.   255.   255.   255.   255.   255.   255.   255.   255.   255.
 255.   255.   255.   255.   255.   255.   255.   255.   255.   255.
 255.   255.   255.   255.   255.   255.   255.   255.   255.   255.
 255.   255.   255.   255.   255.   255.   255.   255.   255.   255.
 255.   255.   255.   255.   255.   255.   255.   255.   255.   255.
 255.   255.   255.   255.   255.   255.   255.   255.   255.   255.
 255.   255.   255.   255.   255.   255.   255.   255.   255.   255.
 255.   255.   255.   255.   255.   255.   255.   255.   255.   255.
 255.   255.   255.   255.   255.   255.   255.   255.   255.   255.
 255.   255.   255.   255.   255.   255.   255.   255.   255.   255.
 255.   255.   255.   255.   255.   255.   255.   255.   255.   255.
 255.   255.   255.   255.   255.   255.   255.   255.   255.   255.
 255.   255.   255.   255.   255.   255.   255.   255.   255.   255.
 255.   255.   255.   255.   255.   255.   255.   255.   255.   255.
 255.   255.   255.   255.   255.   255.   255.   255.   255.   255.
 255.   255.   255.   255.   255.   255.   255.   255.   255.   255.
 255.   255.   255.   255.   255.   255.   255.   255.   255.   255.
 255.   255.   255.   255.   255.   255.   255.   255.   255.   255.
 255.   255.   255.   255.   255.   255.   255.   255.   255.   255.
 255.   255.   255.   255.   255.   255.   255.   255.   255.   255.
 255.   255.   255.   255.   255.   255.   255.   255.   255.   255.
 255.   255.   255.   255.   255.   255.   255.   255.   255.   255.
 255.   255.   255.   255.   255.   255.   255.   255.   255.   255.
 255.   255.   255.   255.   255.   255.   255.   255.   255.   255.
 255.   255.   255.   255.   255.   255.   255.   255.   255.   255.
 255.   255.   255.   255.   255.   255.   255.   255.   255.   255.
 255.   255.   255.   255.   255.   255.   255.   255.   255.   255.
 255.   255.   255.   255.   255.   255.   255.   255.   255.   255.
 255.   255.   255.   255.   255.   255.   255.   255.   255.   255.
 255.   255.   255.   255.   255.   255.   255.   255.   255.   255.
 255.   255.   255.   255.   255.   255.   255.   255.   255.   255.
 255.   255.   255.   255.   255.   255.   255.   255.   255.   255.
 255.   255.   255.   255.   255.   255.   255.   255.   255.   255.
 255.   255.   255.   255.   255.   255.   255.   255.   255.   255.
 255.   255.   255.   255.   255.   255.   255.   255.   255.   255.
 255.   255.   255.   255.   255.   255.   255.   255.   255.   255.
 255.   255.   255.   255.   255.   255.   255.   255.   255.   255.
 255.   255.   255.   255.   255.   255.   255.   255.   255.   255.  ]
GE_last = [127.56 132.74 141.49 152.23 159.14 159.46 155.12 157.39 159.13 164.76
 166.96 171.3  172.01 178.48 177.19 179.36 180.1  181.1  185.43 188.96
 190.11 191.54 193.23 193.93 193.75 195.25 197.04 197.6  195.51 197.91
 197.99 198.53 199.61 201.5  202.33 204.5  204.72 206.11 205.35 207.51
 208.59 208.57 209.1  210.   211.05 213.19 212.03 212.27 213.25 214.21
 214.68 215.26 215.71 216.32 216.64 217.28 218.41 219.39 219.47 220.19
 220.41 220.57 219.7  220.28 220.64 221.37 220.93 221.23 221.09 220.88
 222.11 222.65 222.87 223.07 224.17 224.13 225.27 225.62 226.61 227.1
 227.19 227.24 226.62 226.95 226.98 228.16 228.79 228.94 228.75 229.13
 229.09 230.07 230.82 231.   231.05 231.09 231.5  231.36 231.71 231.3
 231.95 232.93 233.57 234.57 235.23 235.5  235.05 235.66 236.26 237.32
 237.14 237.27 237.23 237.3  237.08 237.21 237.59 237.44 238.26 238.67
 238.87 239.7  240.34 240.61 241.06 241.   241.32 241.85 241.78 242.59
 242.8  243.24 243.47 243.96 244.23 244.46 244.36 244.46 244.94 245.37
 245.62 245.7  246.25 245.94 245.92 246.18 246.6  246.2  245.83 245.99
 246.39 246.51 246.47 246.62 246.77 246.8  246.77 246.5  246.8  247.3
 247.56 247.83 247.86 247.94 248.06 247.94 247.96 247.82 248.15 248.24
 248.25 248.44 248.3  248.13 248.2  248.33 248.49 248.66 249.02 249.18
 248.87 248.83 249.   248.94 249.   249.   249.05 249.03 249.29 249.02
 249.26 249.33 249.52 249.64 249.95 249.78 249.88 250.   249.99 249.88
 249.7  249.85 249.92 250.12 250.06 250.05 249.92 249.97 249.87 249.92
 249.78 249.8  249.94 250.26 250.12 250.22 250.25 250.13 250.51 250.4
 250.34 250.38 250.47 250.61 250.71 250.56 250.55 250.69 250.8  250.91
 251.01 251.29 251.41 251.43 251.46 251.46 251.51 251.63 251.61 251.59
 251.6  251.72 251.72 251.77 251.82 251.94 251.99 252.07 252.05 252.13
 252.24 252.35 252.36 252.38 252.67 252.67 252.69 252.76 252.85 252.79
 252.94 252.91 252.89 252.95 252.79 252.9  253.   252.94 252.94 252.93
 253.08 253.23 253.33 253.29 253.39 253.43 253.46 253.39 253.36 253.4
 253.44 253.32 253.45 253.52 253.58 253.63 253.71 253.69 253.67 253.76
 253.8  253.74 253.72 253.73 253.67 253.67 253.64 253.69 253.71 253.74
 253.64 253.76 253.78 253.83 253.84 253.88 253.87 253.83 253.83 253.9
 253.8  253.8  253.8  253.79 253.88 253.93 253.93 253.93 253.91 253.94
 254.02 254.07 254.08 254.1  254.08 254.1  254.16 254.12 254.14 254.11
 254.14 254.12 254.17 254.2  254.15 254.2  254.14 254.21 254.2  254.21
 254.21 254.13 254.23 254.15 254.13 254.22 254.25 254.2  254.28 254.27
 254.29 254.31 254.35 254.32 254.33 254.33 254.36 254.42 254.43 254.46
 254.53 254.48 254.43 254.46 254.5  254.52 254.53 254.52 254.53 254.53
 254.5  254.53 254.52 254.51 254.53 254.49 254.56 254.53 254.5  254.52
 254.49 254.54 254.58 254.63 254.65 254.67 254.67 254.66 254.67 254.67
 254.66 254.66 254.68 254.62 254.64 254.64 254.67 254.7  254.72 254.7
 254.68 254.69 254.66 254.7  254.71 254.69 254.69 254.66 254.71 254.72
 254.78 254.74 254.76 254.79 254.81 254.83 254.8  254.78 254.79 254.78
 254.8  254.78 254.81 254.81 254.83 254.83 254.82 254.88 254.89 254.83
 254.83 254.83 254.81 254.8  254.84 254.86 254.86 254.88 254.88 254.89
 254.88 254.88 254.88 254.89 254.89 254.89 254.91 254.91 254.93 254.91
 254.92 254.94 254.95 254.95 254.92 254.93 254.95 254.94 254.93 254.93
 254.93 254.93 254.93 254.94 254.93 254.93 254.93 254.94 254.95 254.96
 254.95 254.95 254.96 254.95 254.95 254.94 254.94 254.95 254.93 254.94
 254.94 254.94 254.92 254.95 254.96 254.96 254.96 254.98 254.98 254.96
 254.97 254.97 254.97 254.96 254.95 254.94 254.94 254.94 254.94 254.94
 254.96 254.95 254.95 254.96 254.97 254.96 254.96 254.97 254.97 254.97
 254.98 254.97 254.98 254.98 254.98 254.98 254.97 254.98 254.98 254.98
 254.98 254.98 254.98 254.98 254.98 254.98 254.98 254.98 254.97 254.98
 254.98 254.98 254.99 254.99 254.99 254.99 254.99 254.99 254.99 254.99
 254.99 254.99 254.99 254.99 254.99 255.   255.   255.   255.   255.
 255.   255.   255.   255.   255.   255.   255.   255.   255.   255.
 255.   255.   255.   255.   255.   255.   255.   255.   255.   255.
 255.   255.   255.   255.   255.   255.   255.   255.   255.   255.
 255.   255.   255.   255.   255.   255.   255.   255.   255.   255.
 255.   255.   255.   255.   255.   255.   255.   255.   255.   255.
 255.   255.   255.   255.   255.   255.   255.   255.   255.   255.
 255.   255.   255.   255.   255.   255.   255.   255.   255.   255.
 255.   255.   255.   255.   255.   255.   255.   255.   255.   255.
 255.   255.   255.   255.   255.   255.   255.   255.   255.   255.
 255.   255.   255.   255.   255.   255.   255.   255.   255.   255.
 255.   255.   255.   255.   255.   255.   255.   255.   255.   255.
 255.   255.   255.   255.   255.   255.   255.   255.   255.   255.
 255.   255.   255.   255.   255.   255.   255.   255.   255.   255.
 255.   255.   255.   255.   255.   255.   255.   255.   255.   255.
 255.   255.   255.   255.   255.   255.   255.   255.   255.   255.
 255.   255.   255.   255.   255.   255.   255.   255.   255.   255.
 255.   255.   255.   255.   255.   255.   255.   255.   255.   255.
 255.   255.   255.   255.   255.   255.   255.   255.   255.   255.
 255.   255.   255.   255.   255.   255.   255.   255.   255.   255.
 255.   255.   255.   255.   255.   255.   255.   255.   255.   255.
 255.   255.   255.   255.   255.   255.   255.   255.   255.   255.
 255.   255.   255.   255.   255.   255.   255.   255.   255.   255.
 255.   255.   255.   255.   255.   255.   255.   255.   255.   255.
 255.   255.   255.   255.   255.   255.   255.   255.   255.   255.
 255.   255.   255.   255.   255.   255.   255.   255.   255.   255.
 255.   255.   255.   255.   255.   255.   255.   255.   255.   255.
 255.   255.   255.   255.   255.   255.   255.   255.   255.   255.
 255.   255.   255.   255.   255.   255.   255.   255.   255.   255.
 255.   255.   255.   255.   255.   255.   255.   255.   255.   255.
 255.   255.   255.   255.   255.   255.   255.   255.   255.   255.
 255.   255.   255.   255.   255.   255.   255.   255.   255.   255.
 255.   255.   255.   255.   255.   255.   255.   255.   255.   255.
 255.   255.   255.   255.   255.   255.   255.   255.   255.   255.
 255.   255.   255.   255.   255.   255.   255.   255.   255.   255.
 255.   255.   255.   255.   255.   255.   255.   255.   255.   255.
 255.   255.   255.   255.   255.   255.   255.   255.   255.   255.
 255.   255.   255.   255.   255.   255.   255.   255.   255.   255.
 255.   255.   255.   255.   255.   255.   255.   255.   255.   255.
 255.   255.   255.   255.   255.   255.   255.   255.   255.   255.
 255.   255.   255.   255.   255.   255.   255.   255.   255.   255.
 255.   255.   255.   255.   255.   255.   255.   255.   255.   255.
 255.   255.   255.   255.   255.   255.   255.   255.   255.   255.
 255.   255.   255.   255.   255.   255.   255.   255.   255.   255.
 255.   255.   255.   255.   255.   255.   255.   255.   255.   255.
 255.   255.   255.   255.   255.   255.   255.   255.   255.   255.  ]

bias = False
nonlinearity = <class 'torch.nn.modules.activation.ReLU'>
dimNodeSignals = [1, 1]
nShiftTaps = [4]
nFilterNodes = [50]
dimLayersMLP = [9]

nFeatureBank = 1
nClasses = 9
k = 4
nLayers = 1
Feature Reduction = True
Class Reduction = True
Used Architecture = LinConvNet
Edge Function = KNN Correlation
EdgeFn Threshold = 5

Runtime = 376.9597262670286

Prediction = [[0.00011096 0.00011081 0.00011114 ... 0.00010898 0.00011124 0.00011167]
 [0.00011056 0.000111   0.00011129 ... 0.00010965 0.00011064 0.00011281]
 [0.00011034 0.00011105 0.00011146 ... 0.00011107 0.00011038 0.00011315]
 ...
 [0.00011176 0.00011081 0.00011131 ... 0.00011392 0.00011121 0.00011098]
 [0.00011217 0.00011064 0.00011174 ... 0.00011024 0.0001112  0.00011018]
 [0.00011066 0.00011141 0.00011144 ... 0.00011033 0.0001109  0.00011138]]
costBest = 0.898
costLast = 0.898
GE_best = [133.55 136.81 137.95 144.8  143.8  150.38 151.85 157.06 164.99 169.51
 166.59 170.25 165.76 166.71 167.82 170.04 171.06 172.95 180.12 181.51
 182.57 183.32 185.16 186.08 185.9  186.98 189.64 189.74 190.62 192.25
 195.01 196.46 195.75 195.21 193.6  195.16 197.41 197.99 197.91 198.24
 196.79 196.78 198.79 200.79 199.92 200.23 200.75 203.08 204.83 205.06
 204.37 206.8  207.02 207.44 208.25 207.8  205.65 206.76 206.62 206.84
 206.38 206.34 206.51 207.31 206.71 207.26 207.94 208.94 209.39 209.
 210.75 211.32 210.94 211.21 210.85 211.42 211.74 211.92 213.09 213.32
 214.69 214.39 214.75 214.71 214.68 214.8  214.39 214.85 215.17 216.02
 215.49 217.44 217.19 217.97 218.5  218.59 218.49 218.04 218.91 219.5
 219.42 219.54 219.9  220.01 220.57 220.6  221.74 221.82 221.68 221.94
 223.   222.62 223.09 223.1  222.12 223.09 223.83 224.05 224.47 224.13
 224.36 224.72 225.86 225.91 226.58 225.9  226.23 226.8  226.67 227.28
 227.28 227.69 227.87 228.05 228.08 227.97 228.34 228.77 229.72 229.55
 229.77 230.44 230.12 230.41 229.97 230.27 230.38 230.19 230.24 230.39
 230.51 230.48 230.98 231.27 231.94 232.18 231.58 231.52 231.48 231.67
 232.08 232.99 234.1  234.45 234.37 234.36 234.17 235.07 235.32 235.77
 236.03 236.24 235.93 236.36 236.12 236.45 236.71 236.84 237.38 237.76
 238.57 238.84 239.02 238.88 239.18 239.19 239.53 239.78 239.36 238.99
 239.13 238.96 239.44 239.04 239.12 239.59 239.71 240.33 240.47 240.24
 240.66 240.85 240.84 241.16 241.09 241.51 241.46 241.37 241.56 241.56
 241.78 241.4  241.61 241.44 241.49 241.53 241.8  241.83 241.9  242.17
 242.27 242.45 243.01 242.94 243.36 243.81 243.74 243.91 243.8  243.71
 243.62 243.73 243.99 244.15 244.6  244.7  244.99 244.88 244.95 244.88
 245.01 245.14 245.41 245.65 245.66 246.02 246.01 246.   245.92 245.98
 246.43 246.46 246.57 246.92 247.3  247.26 247.43 247.34 247.59 247.64
 247.86 248.22 248.34 248.38 248.35 248.39 248.47 248.66 248.89 248.87
 248.87 248.97 248.89 248.99 249.09 249.07 249.02 249.17 249.43 249.6
 249.76 249.77 249.66 249.81 249.88 249.9  249.99 250.31 250.23 250.35
 250.56 250.56 250.5  250.69 250.48 250.67 250.76 250.81 250.91 250.99
 251.17 251.06 251.07 251.09 251.05 251.07 251.17 251.25 251.37 251.38
 251.52 251.55 251.63 251.54 251.43 251.44 251.52 251.54 251.48 251.44
 251.49 251.44 251.34 251.25 251.31 251.57 251.5  251.83 251.8  251.83
 251.72 251.85 251.8  251.86 251.74 251.79 251.85 251.91 252.02 252.01
 252.09 252.2  252.33 252.37 252.37 252.39 252.5  252.61 252.63 252.66
 252.66 252.59 252.69 252.85 252.78 252.75 252.68 252.71 252.65 252.73
 252.57 252.71 252.75 252.9  252.92 252.95 253.   252.95 253.1  253.05
 252.91 252.95 252.9  252.95 252.99 253.16 253.2  253.21 253.19 253.14
 253.27 253.34 253.4  253.42 253.45 253.42 253.43 253.33 253.44 253.44
 253.36 253.41 253.38 253.4  253.31 253.32 253.32 253.35 253.4  253.48
 253.41 253.45 253.41 253.32 253.37 253.36 253.45 253.39 253.43 253.43
 253.52 253.57 253.56 253.56 253.5  253.56 253.52 253.47 253.43 253.47
 253.5  253.5  253.52 253.54 253.55 253.53 253.56 253.54 253.53 253.49
 253.46 253.45 253.46 253.55 253.57 253.56 253.53 253.48 253.58 253.63
 253.64 253.59 253.62 253.57 253.57 253.53 253.52 253.64 253.63 253.63
 253.62 253.65 253.74 253.72 253.8  253.75 253.79 253.81 253.81 253.88
 253.87 253.84 253.83 253.83 253.77 253.8  253.78 253.86 253.81 253.78
 253.86 253.86 253.89 253.91 253.84 253.84 253.85 253.83 253.86 253.8
 253.84 253.87 253.87 253.85 253.86 253.86 253.88 253.83 253.89 253.88
 253.92 253.98 253.96 253.97 253.94 253.94 253.95 253.95 253.99 253.96
 253.93 253.93 254.   254.03 253.96 254.   253.97 254.05 254.07 254.09
 254.12 254.14 254.13 254.12 254.11 254.11 254.17 254.22 254.33 254.4
 254.41 254.36 254.39 254.39 254.4  254.42 254.39 254.4  254.39 254.42
 254.41 254.45 254.46 254.45 254.47 254.48 254.45 254.48 254.48 254.46
 254.52 254.47 254.49 254.51 254.5  254.52 254.55 254.51 254.53 254.53
 254.54 254.59 254.6  254.6  254.63 254.61 254.6  254.61 254.59 254.62
 254.61 254.65 254.66 254.67 254.71 254.71 254.75 254.75 254.71 254.69
 254.71 254.72 254.73 254.75 254.75 254.75 254.76 254.74 254.74 254.74
 254.75 254.76 254.74 254.76 254.76 254.74 254.77 254.77 254.74 254.73
 254.75 254.78 254.76 254.77 254.76 254.76 254.76 254.78 254.79 254.81
 254.8  254.83 254.83 254.81 254.81 254.82 254.82 254.82 254.84 254.85
 254.83 254.83 254.82 254.83 254.83 254.84 254.83 254.83 254.83 254.84
 254.83 254.85 254.86 254.86 254.85 254.85 254.87 254.87 254.87 254.86
 254.87 254.86 254.88 254.89 254.89 254.88 254.88 254.88 254.87 254.87
 254.87 254.85 254.88 254.87 254.87 254.89 254.9  254.9  254.92 254.89
 254.91 254.91 254.9  254.91 254.91 254.9  254.9  254.89 254.89 254.9
 254.91 254.91 254.92 254.92 254.91 254.91 254.92 254.92 254.91 254.92
 254.93 254.93 254.93 254.93 254.93 254.94 254.95 254.95 254.95 254.95
 254.95 254.95 254.97 254.98 254.98 254.96 254.95 254.98 254.97 254.98
 254.98 254.97 254.97 254.96 254.96 254.98 254.97 254.97 254.97 254.96
 254.96 254.98 254.99 254.98 254.99 254.98 254.97 254.97 254.97 254.96
 254.97 254.97 254.96 254.97 254.98 254.99 254.99 254.99 254.99 254.98
 254.99 254.99 254.99 254.99 254.99 254.98 254.99 254.99 254.99 254.99
 254.98 254.98 254.99 254.99 254.98 254.99 254.99 254.99 254.99 255.
 254.99 254.99 254.99 254.99 254.99 254.99 254.99 254.99 254.99 254.99
 254.99 254.99 254.99 254.99 254.99 254.99 254.99 254.99 254.99 254.99
 254.99 254.99 254.99 254.99 254.99 254.99 254.99 254.99 254.99 254.99
 254.99 254.99 254.99 254.99 254.99 254.99 254.99 254.99 254.99 254.99
 254.99 254.99 254.99 254.99 254.99 254.99 254.99 254.99 254.99 254.99
 254.99 254.99 254.99 254.99 254.99 254.99 254.99 254.99 254.99 254.99
 254.99 254.99 254.99 254.99 254.99 254.99 254.99 254.99 254.99 254.99
 254.99 254.99 254.99 254.99 254.99 254.99 254.99 255.   255.   255.
 255.   255.   255.   255.   255.   255.   255.   255.   255.   255.
 255.   255.   255.   255.   255.   255.   255.   255.   255.   255.
 255.   255.   255.   255.   255.   255.   255.   255.   255.   255.
 255.   255.   255.   255.   255.   255.   255.   255.   255.   255.
 255.   255.   255.   255.   255.   255.   255.   255.   255.   255.
 255.   255.   255.   255.   255.   255.   255.   255.   255.   255.
 255.   255.   255.   255.   255.   255.   255.   255.   255.   255.
 255.   255.   255.   255.   255.   255.   255.   255.   255.   255.
 255.   255.   255.   255.   255.   255.   255.   255.   255.   255.
 255.   255.   255.   255.   255.   255.   255.   255.   255.   255.
 255.   255.   255.   255.   255.   255.   255.   255.   255.   255.
 255.   255.   255.   255.   255.   255.   255.   255.   255.   255.
 255.   255.   255.   255.   255.   255.   255.   255.   255.   255.
 255.   255.   255.   255.   255.   255.   255.   255.   255.   255.
 255.   255.   255.   255.   255.   255.   255.   255.   255.   255.
 255.   255.   255.   255.   255.   255.   255.   255.   255.   255.
 255.   255.   255.   255.   255.   255.   255.   255.   255.   255.
 255.   255.   255.   255.   255.   255.   255.   255.   255.   255.  ]
GE_last = [141.57 140.32 141.06 141.86 149.83 150.07 157.89 158.71 160.96 163.68
 168.96 167.5  168.87 171.89 171.41 171.77 171.71 170.79 170.71 170.99
 172.83 174.62 176.61 177.12 175.76 175.72 177.17 178.05 179.9  182.23
 186.29 186.55 189.01 189.5  190.78 193.34 194.39 197.37 198.09 200.06
 201.23 200.87 201.92 201.77 202.73 203.98 205.29 205.11 206.39 205.75
 205.45 204.92 205.14 205.33 206.02 206.21 207.01 206.41 207.58 208.53
 207.97 207.58 208.99 209.88 211.29 210.82 212.17 212.22 212.47 213.12
 213.75 214.97 215.7  215.56 215.21 216.42 217.18 217.27 216.63 216.54
 217.39 217.35 218.07 218.22 217.51 218.06 218.91 219.8  220.1  220.18
 219.9  221.06 221.39 220.54 220.93 220.47 220.27 220.66 220.71 220.8
 221.68 221.93 221.7  221.95 222.34 223.04 223.46 223.81 224.62 224.48
 225.16 224.79 224.72 225.11 224.61 224.78 226.02 226.9  226.72 226.98
 227.59 228.67 228.82 229.61 230.09 229.54 230.   230.05 229.93 230.22
 230.83 231.32 231.3  231.06 231.79 232.29 231.77 231.2  231.69 232.52
 232.68 232.11 231.65 231.8  231.72 231.37 230.93 231.3  232.27 231.77
 232.32 233.35 233.78 233.95 234.   234.41 235.52 236.1  236.46 237.06
 237.33 237.7  237.88 238.38 238.46 238.58 238.68 239.13 239.53 239.99
 239.79 240.29 240.17 240.06 239.71 239.71 239.81 240.57 241.11 240.89
 241.14 241.51 241.7  241.84 242.06 241.9  241.43 241.63 242.01 241.79
 241.51 241.47 241.79 242.12 242.37 242.55 242.5  242.47 242.75 242.67
 242.91 243.4  243.25 243.26 243.25 243.74 244.05 244.6  245.07 244.97
 245.   245.02 245.1  245.03 244.73 245.02 245.47 245.63 245.97 245.68
 245.99 246.24 246.1  246.   246.21 246.39 246.34 246.53 246.78 246.74
 246.89 247.05 247.22 247.11 246.75 246.9  246.86 246.91 247.   247.08
 247.16 246.92 247.04 247.12 247.48 247.55 247.12 247.35 247.41 247.25
 247.24 247.25 247.52 247.71 247.88 247.81 247.68 247.96 248.04 248.03
 248.06 247.96 247.98 248.16 248.06 248.03 247.94 248.13 248.17 248.05
 247.92 248.05 247.82 247.61 247.57 247.72 248.09 248.11 248.02 247.82
 248.28 248.28 248.18 248.22 248.23 248.29 248.5  248.55 248.69 248.56
 248.28 248.54 248.66 248.84 249.   249.2  249.09 248.98 249.14 249.03
 249.22 249.39 249.07 249.25 249.48 249.5  249.48 249.41 249.36 249.35
 249.59 249.36 249.58 249.44 249.43 249.32 249.44 249.7  249.76 249.83
 249.83 249.9  249.91 250.02 250.07 250.12 250.12 250.21 250.36 250.61
 250.7  250.73 250.79 250.9  250.92 250.87 250.92 250.76 250.87 251.01
 250.98 250.73 250.8  251.   250.96 251.06 251.05 251.3  251.52 251.52
 251.69 251.62 251.47 251.42 251.47 251.45 251.44 251.37 251.44 251.57
 251.66 251.68 251.76 251.74 251.9  251.78 251.93 252.   251.97 251.87
 251.84 251.91 251.88 251.98 251.92 251.94 251.93 251.88 251.75 251.77
 251.89 251.9  252.1  252.23 252.3  252.31 252.28 252.3  252.43 252.44
 252.53 252.61 252.67 252.61 252.67 252.69 252.79 252.73 252.78 252.77
 252.72 252.79 252.71 252.59 252.72 252.86 252.91 252.96 252.95 253.01
 253.09 253.17 253.13 253.19 253.19 253.18 253.16 253.12 253.15 253.14
 253.14 253.29 253.28 253.41 253.37 253.33 253.47 253.5  253.41 253.54
 253.5  253.57 253.63 253.6  253.6  253.53 253.66 253.72 253.73 253.75
 253.7  253.71 253.77 253.8  253.81 253.9  253.84 253.85 253.9  253.92
 253.96 253.91 253.89 253.95 253.95 253.94 253.98 253.97 254.04 254.04
 253.99 253.96 253.9  253.86 253.89 253.93 253.93 253.96 253.96 254.
 254.05 254.12 254.19 254.2  254.19 254.19 254.21 254.21 254.23 254.22
 254.25 254.2  254.2  254.2  254.17 254.12 254.15 254.2  254.24 254.23
 254.27 254.32 254.35 254.34 254.37 254.34 254.36 254.36 254.31 254.33
 254.37 254.4  254.38 254.35 254.34 254.33 254.32 254.35 254.34 254.36
 254.33 254.35 254.35 254.4  254.41 254.41 254.43 254.41 254.37 254.43
 254.46 254.47 254.46 254.44 254.43 254.46 254.44 254.43 254.45 254.42
 254.42 254.39 254.45 254.42 254.47 254.51 254.56 254.56 254.56 254.56
 254.59 254.59 254.58 254.59 254.59 254.6  254.62 254.62 254.62 254.62
 254.6  254.6  254.6  254.59 254.62 254.65 254.6  254.65 254.65 254.66
 254.65 254.64 254.63 254.63 254.64 254.64 254.64 254.64 254.64 254.64
 254.66 254.68 254.69 254.68 254.67 254.66 254.65 254.64 254.66 254.68
 254.67 254.71 254.71 254.74 254.74 254.78 254.74 254.75 254.73 254.73
 254.72 254.73 254.77 254.78 254.79 254.82 254.8  254.8  254.82 254.81
 254.83 254.83 254.83 254.82 254.83 254.84 254.82 254.82 254.84 254.84
 254.85 254.85 254.84 254.87 254.88 254.87 254.86 254.89 254.89 254.88
 254.88 254.89 254.89 254.89 254.88 254.88 254.89 254.89 254.88 254.89
 254.88 254.88 254.88 254.91 254.91 254.9  254.91 254.92 254.9  254.9
 254.91 254.91 254.9  254.9  254.91 254.9  254.91 254.9  254.9  254.89
 254.9  254.89 254.9  254.89 254.91 254.9  254.9  254.89 254.91 254.9
 254.9  254.9  254.89 254.9  254.9  254.9  254.9  254.9  254.9  254.9
 254.91 254.91 254.91 254.92 254.92 254.92 254.92 254.92 254.92 254.92
 254.92 254.92 254.92 254.93 254.93 254.93 254.93 254.93 254.91 254.91
 254.92 254.93 254.93 254.93 254.93 254.93 254.93 254.92 254.92 254.93
 254.92 254.93 254.94 254.94 254.93 254.93 254.94 254.94 254.94 254.94
 254.94 254.95 254.95 254.95 254.95 254.95 254.95 254.95 254.96 254.95
 254.96 254.97 254.97 254.97 254.98 254.98 254.98 254.98 254.98 254.97
 254.99 254.97 254.98 254.97 254.98 254.98 254.98 254.98 254.97 254.97
 254.97 254.97 254.97 254.97 254.97 254.97 254.97 254.97 254.97 254.97
 254.97 254.97 254.97 254.97 254.97 254.97 254.97 254.97 254.97 254.97
 254.97 254.98 254.99 254.99 254.99 254.99 254.99 254.99 254.99 254.99
 254.99 254.99 254.99 254.99 255.   255.   255.   255.   255.   255.
 255.   255.   254.99 254.98 254.99 254.99 254.99 255.   255.   255.
 255.   255.   255.   255.   255.   255.   255.   255.   255.   255.
 255.   255.   255.   255.   255.   255.   255.   255.   255.   255.
 255.   255.   255.   255.   255.   255.   255.   255.   255.   255.
 255.   255.   255.   255.   255.   255.   255.   255.   255.   255.
 255.   255.   255.   255.   255.   255.   255.   255.   255.   255.
 255.   255.   255.   255.   255.   255.   255.   255.   255.   255.
 255.   255.   255.   255.   255.   255.   255.   255.   255.   255.
 255.   255.   255.   255.   255.   255.   255.   255.   255.   255.
 255.   255.   255.   255.   255.   255.   255.   255.   255.   255.
 255.   255.   255.   255.   255.   255.   255.   255.   255.   255.
 255.   255.   255.   255.   255.   255.   255.   255.   255.   255.
 255.   255.   255.   255.   255.   255.   255.   255.   255.   255.
 255.   255.   255.   255.   255.   255.   255.   255.   255.   255.
 255.   255.   255.   255.   255.   255.   255.   255.   255.   255.
 255.   255.   255.   255.   255.   255.   255.   255.   255.   255.
 255.   255.   255.   255.   255.   255.   255.   255.   255.   255.
 255.   255.   255.   255.   255.   255.   255.   255.   255.   255.
 255.   255.   255.   255.   255.   255.   255.   255.   255.   255.
 255.   255.   255.   255.   255.   255.   255.   255.   255.   255.
 255.   255.   255.   255.   255.   255.   255.   255.   255.   255.
 255.   255.   255.   255.   255.   255.   255.   255.   255.   255.  ]

bias = False
nonlinearity = <class 'torch.nn.modules.activation.ReLU'>
dimNodeSignals = [1, 1]
nShiftTaps = [5]
nFilterNodes = [50]
dimLayersMLP = [9]

nFeatureBank = 1
nClasses = 9
k = 5
nLayers = 1
Feature Reduction = True
Class Reduction = True
Used Architecture = LinConvNet
Edge Function = KNN Correlation
EdgeFn Threshold = 5

Runtime = 393.22540746000595

Prediction = [[1.16077241e-04 2.27148409e-04 3.72857688e-05 ... 4.08582183e-05
  5.15427109e-05 2.81903103e-05]
 [3.79043239e-05 1.52340512e-04 3.20929446e-05 ... 7.19161930e-05
  5.56577965e-05 6.80306043e-05]
 [1.91227819e-05 8.94061624e-05 4.26900808e-05 ... 1.51442760e-04
  7.66588820e-05 1.89564578e-04]
 ...
 [2.84620135e-04 3.99283535e-05 1.06852121e-04 ... 4.29620092e-05
  6.68902471e-05 7.94663063e-05]
 [1.01620899e-03 2.22335730e-04 2.89971576e-05 ... 2.36030238e-05
  2.63974311e-05 7.48452339e-06]
 [6.75063120e-05 9.50340460e-05 9.47928817e-05 ... 7.22201613e-05
  8.70156303e-05 7.30334658e-05]]
costBest = 0.9
costLast = 0.9
GE_best = [118.19 116.62 105.76 108.22 107.49 106.87 101.81 100.21 100.49 102.21
 100.08  98.26  96.16  94.35  93.25  95.24  95.79  94.24  95.36  94.9
  93.95  92.23  92.2   91.95  92.61  90.82  89.83  89.87  88.98  86.31
  86.25  85.8   86.22  85.05  83.89  82.74  79.38  80.14  77.31  76.34
  75.96  75.77  75.39  74.82  72.95  70.92  67.61  68.06  67.64  68.16
  67.82  67.29  66.71  66.6   66.66  66.92  67.53  65.6   65.31  64.98
  63.46  62.97  62.96  63.22  62.11  62.11  60.18  58.16  58.98  57.93
  59.09  58.04  56.74  55.27  55.41  55.68  54.81  55.82  54.35  54.
  53.06  53.51  52.85  51.3   51.27  51.15  51.54  51.89  51.25  51.63
  51.53  51.92  50.19  49.54  49.54  49.13  49.58  49.45  48.59  49.47
  48.95  49.44  49.76  49.75  49.54  49.66  48.02  47.88  46.69  46.78
  45.37  46.14  46.34  46.74  47.1   47.58  47.44  46.25  45.42  44.93
  44.44  44.36  43.91  43.96  43.25  42.82  42.52  41.37  40.97  40.92
  41.61  41.9   41.68  40.94  40.47  40.71  40.71  40.93  40.53  41.12
  40.54  40.14  40.48  40.49  40.89  40.    38.72  39.21  39.69  39.44
  37.88  38.32  38.92  37.29  37.    37.19  36.22  35.57  36.07  37.07
  37.26  37.61  37.32  36.73  36.25  36.01  34.95  34.91  34.1   34.17
  34.26  34.7   34.53  35.3   35.03  34.73  34.17  34.82  33.9   33.56
  33.54  33.39  33.07  33.42  33.02  32.47  31.9   31.24  31.24  31.41
  31.48  31.27  31.48  31.47  31.51  31.82  31.51  31.41  31.58  31.81
  31.66  31.78  31.03  30.53  29.78  29.89  29.69  29.74  29.77  29.53
  29.05  29.23  29.07  28.96  28.67  28.73  28.13  27.69  26.89  27.08
  26.37  26.22  25.98  26.    26.07  25.57  25.12  25.24  25.59  25.58
  25.32  25.16  25.13  24.71  24.04  23.58  23.53  23.76  24.2   24.33
  24.82  24.71  24.08  23.86  23.3   23.3   23.14  23.22  22.78  22.03
  22.26  22.42  22.7   22.2   22.45  22.49  22.47  22.23  22.48  22.35
  22.    21.74  21.62  21.76  21.93  21.49  20.98  20.78  20.78  20.57
  20.66  20.63  20.56  20.3   20.35  20.12  19.84  19.89  19.8   19.73
  19.15  19.59  19.61  19.39  19.53  19.52  18.93  18.96  18.94  18.49
  18.86  18.72  19.17  18.74  18.62  18.55  18.67  18.26  18.09  17.81
  17.89  18.18  18.36  18.31  18.51  18.31  18.66  18.8   18.21  18.3
  18.23  17.93  18.13  17.89  17.85  17.89  17.8   17.95  17.39  17.36
  17.29  16.8   16.9   16.87  16.99  16.89  16.54  16.13  15.88  15.94
  16.05  15.84  16.01  15.86  15.64  15.41  15.53  15.43  15.33  15.1
  14.61  14.65  14.46  14.4   14.2   13.87  13.96  13.76  13.78  13.5
  13.27  13.06  12.95  12.9   12.9   13.    12.99  13.18  13.25  13.14
  13.11  13.08  13.14  13.14  12.94  13.02  12.9   12.8   12.88  13.01
  13.11  13.08  13.16  12.98  13.25  13.28  13.11  13.03  12.8   12.69
  12.56  12.81  12.49  12.33  12.08  12.05  12.06  12.08  11.89  11.97
  11.79  11.91  12.12  12.32  12.54  12.52  12.65  12.78  12.71  12.86
  12.56  12.49  12.2   12.04  11.97  11.71  11.53  11.31  11.28  11.26
  11.42  11.04  11.    10.93  11.11  10.97  10.98  10.96  10.85  10.77
  10.56  10.56  10.43  10.32  10.26  10.16  10.12  10.23  10.17  10.08
  10.24   9.9   10.13  10.02   9.89   9.99   9.63   9.52   9.52   9.61
   9.64   9.54   9.58   9.46   9.33   9.5    9.51   9.55   9.59   9.26
   9.17   8.98   8.98   9.06   8.85   8.71   8.81   8.89   9.04   9.05
   9.13   9.11   9.26   9.16   9.2    9.06   8.99   8.68   8.71   8.63
   8.43   8.42   8.08   8.01   8.14   8.13   8.17   8.13   8.12   8.2
   8.16   8.26   8.25   7.97   7.9    7.86   7.91   7.77   7.52   7.58
   7.71   7.76   7.71   7.64   7.66   7.62   7.61   7.59   7.45   7.47
   7.42   7.26   7.2    6.97   6.86   6.99   6.88   6.72   6.67   6.74
   6.73   6.7    6.52   6.58   6.49   6.24   6.3    6.28   6.28   6.29
   6.23   6.     5.88   5.83   6.02   5.99   5.82   5.78   5.87   5.8
   5.75   5.78   5.79   5.76   5.6    5.69   5.69   5.6    5.57   5.47
   5.53   5.43   5.36   5.54   5.54   5.44   5.6    5.54   5.55   5.55
   5.65   5.61   5.62   5.65   5.56   5.56   5.5    5.45   5.4    5.29
   5.4    5.34   5.34   5.27   5.23   5.17   5.13   5.19   5.2    5.34
   5.35   5.3    5.22   5.23   5.11   5.1    5.11   5.12   5.19   5.14
   5.2    5.2    5.16   5.31   5.19   5.28   5.13   5.15   5.25   5.26
   5.13   5.07   5.15   5.09   5.21   5.26   5.2    5.05   5.01   5.08
   5.12   5.08   4.97   4.99   4.92   5.01   4.98   5.02   5.02   4.93
   4.76   4.71   4.69   4.74   4.63   4.65   4.69   4.57   4.47   4.56
   4.54   4.52   4.48   4.39   4.39   4.36   4.29   4.32   4.36   4.33
   4.24   4.14   4.17   4.02   4.09   4.08   4.1    4.01   3.97   4.11
   4.01   4.     3.89   3.9    3.87   3.85   3.88   3.91   3.81   3.82
   3.9    3.9    3.83   3.86   3.87   3.87   3.86   3.8    3.81   3.75
   3.7    3.72   3.73   3.68   3.76   3.87   3.75   3.69   3.71   3.72
   3.71   3.67   3.56   3.52   3.46   3.49   3.51   3.52   3.44   3.45
   3.52   3.53   3.48   3.45   3.46   3.35   3.36   3.3    3.27   3.33
   3.33   3.29   3.29   3.28   3.27   3.22   3.26   3.19   3.29   3.37
   3.2    3.11   3.13   3.13   3.1    3.06   3.04   2.94   2.93   2.93
   2.97   2.99   2.97   3.     3.02   2.94   2.9    2.89   2.9    2.87
   2.79   2.78   2.8    2.74   2.67   2.67   2.65   2.72   2.72   2.76
   2.76   2.73   2.7    2.69   2.64   2.66   2.74   2.75   2.73   2.71
   2.68   2.66   2.64   2.63   2.62   2.6    2.56   2.53   2.56   2.61
   2.52   2.51   2.51   2.55   2.5    2.56   2.54   2.59   2.54   2.45
   2.46   2.45   2.48   2.44   2.41   2.43   2.38   2.4    2.35   2.39
   2.38   2.33   2.31   2.29   2.31   2.31   2.28   2.25   2.23   2.22
   2.19   2.18   2.17   2.17   2.13   2.18   2.18   2.17   2.15   2.16
   2.15   2.13   2.17   2.14   2.13   2.11   2.12   2.1    2.11   2.11
   2.11   2.05   2.08   2.06   2.05   2.05   2.08   2.1    2.02   2.08
   2.11   2.04   2.01   1.99   1.99   2.01   2.04   2.02   1.89   1.89
   1.94   1.93   1.87   1.86   1.86   1.86   1.94   1.91   1.89   1.83
   1.84   1.83   1.89   1.93   1.83   1.84   1.83   1.8    1.84   1.84
   1.84   1.84   1.84   1.88   1.85   1.85   1.88   1.92   1.83   1.9
   1.87   1.9    1.84   1.85   1.79   1.78   1.77   1.78   1.8    1.78
   1.81   1.77   1.76   1.79   1.82   1.83   1.84   1.83   1.82   1.81
   1.83   1.84   1.82   1.83   1.8    1.74   1.75   1.71   1.72   1.74
   1.77   1.78   1.76   1.74   1.74   1.75   1.72   1.72   1.73   1.77
   1.76   1.76   1.75   1.77   1.77   1.77   1.75   1.74   1.75   1.8
   1.77   1.77   1.74   1.73   1.61   1.62   1.66   1.66   1.68   1.64
   1.63   1.63   1.59   1.61   1.6    1.62   1.54   1.57   1.54   1.52
   1.55   1.47   1.47   1.47   1.48   1.49   1.5    1.51   1.52   1.46
   1.46   1.45   1.45   1.41   1.41   1.41   1.42   1.42   1.42   1.43
   1.41   1.43   1.44   1.39   1.37   1.32   1.34   1.33   1.36   1.33
   1.34   1.33   1.32   1.31   1.3    1.27   1.26   1.22   1.24   1.23
   1.21   1.22   1.21   1.21   1.2    1.21   1.19   1.2    1.2    1.15
   1.15   1.15   1.15   1.13   1.13   1.11   1.12   1.15   1.11   1.08
   1.09   1.1    1.06   1.07   1.05   1.06   1.08   1.1    1.1    1.09
   1.07   1.07   1.05   1.04   1.03   1.01   1.01   1.     1.     1.  ]
GE_last = [118.73 116.39 112.45 115.32 118.62 114.84 109.22 111.68 106.75 105.03
 101.96 104.15 105.04 101.92  99.68  96.62  97.39  96.52  95.89  95.45
  94.16  91.87  90.33  89.52  88.48  85.71  86.28  86.49  85.82  86.85
  86.08  85.52  84.55  83.74  84.75  84.76  85.82  84.16  82.86  82.3
  80.7   78.6   80.72  81.89  81.89  80.74  79.36  77.74  77.71  76.39
  76.53  76.35  77.79  78.01  77.8   77.04  76.2   75.61  75.32  74.78
  75.07  75.93  77.24  77.1   77.63  76.92  77.36  75.6   74.27  74.05
  73.04  72.15  72.38  71.8   72.49  73.15  73.17  71.85  71.45  71.02
  71.1   71.21  71.12  69.31  69.48  68.23  67.07  66.13  66.68  66.57
  65.23  64.09  64.66  63.15  62.75  61.95  61.16  61.64  60.75  60.94
  58.44  57.94  58.57  58.66  58.43  58.16  57.22  56.78  56.69  57.15
  56.84  57.45  57.78  56.92  56.98  57.25  56.63  56.01  55.48  55.17
  55.47  53.98  53.92  53.33  52.91  52.56  51.7   51.49  51.05  51.42
  50.47  50.45  49.95  49.86  50.23  49.18  50.51  50.53  48.92  48.86
  48.78  49.02  48.6   48.09  47.6   47.18  47.    47.35  47.47  46.08
  45.64  44.42  45.4   45.02  44.58  44.34  44.14  44.09  43.65  42.28
  42.26  41.09  40.7   40.46  40.18  40.16  40.1   39.77  39.54  39.59
  38.63  38.46  38.42  38.59  38.29  38.21  37.93  37.68  38.24  38.35
  37.75  38.1   37.72  37.74  37.39  36.8   36.44  36.09  35.8   34.8
  35.03  34.91  34.6   33.83  33.89  33.61  33.62  32.97  32.95  32.49
  32.28  32.16  31.15  30.71  30.33  30.52  29.79  29.49  29.18  28.69
  27.95  28.07  27.75  27.81  27.45  26.33  25.93  25.82  25.95  25.89
  25.84  25.66  25.37  24.88  25.29  25.33  25.5   25.46  25.16  24.78
  24.5   24.42  24.08  24.21  24.55  24.55  24.22  23.9   24.47  24.41
  24.39  23.63  23.44  23.63  23.65  23.51  23.92  23.78  23.16  23.36
  23.49  23.11  22.87  22.76  22.56  22.3   22.74  22.43  22.08  22.08
  22.16  22.33  22.16  22.3   21.83  21.37  20.91  20.84  20.69  21.05
  20.81  20.74  20.04  19.76  19.72  19.71  19.48  19.63  19.56  19.04
  19.28  19.34  19.11  19.45  19.33  19.31  18.64  18.36  18.33  18.57
  18.35  18.15  17.75  17.29  17.48  17.29  17.34  17.24  17.22  17.16
  16.87  17.03  17.12  16.96  16.58  15.95  15.57  15.37  15.34  15.12
  15.04  15.02  15.07  15.16  15.4   15.24  14.86  14.91  15.26  15.18
  15.13  15.1   15.17  15.4   15.15  15.22  15.15  15.1   14.9   15.15
  14.94  14.7   14.53  14.45  14.44  14.63  14.1   14.61  14.46  14.53
  14.61  14.54  14.28  14.48  14.25  14.26  14.    14.27  14.31  14.27
  14.17  14.19  13.79  13.62  13.66  13.51  13.41  13.3   13.22  13.29
  13.1   13.16  13.05  13.07  12.9   12.73  12.65  12.97  12.75  12.58
  12.41  12.5   12.44  12.43  12.34  12.17  12.27  12.18  12.04  12.22
  11.96  12.02  11.95  12.07  12.11  11.89  11.78  11.69  11.84  11.69
  11.52  11.66  11.63  11.49  11.16  10.98  11.19  11.14  11.46  11.26
  11.29  11.03  11.01  10.83  10.81  10.65  10.39  10.44  10.18  10.33
  10.46  10.46  10.41  10.21   9.91   9.84   9.62   9.58   9.62   9.47
   9.63   9.49   9.45   9.53   9.69   9.47   9.42   9.39   9.23   9.24
   9.11   8.85   8.93   8.86   8.71   8.69   8.63   8.81   8.93   9.
   8.84   9.02   9.03   9.15   9.1    9.1    9.07   9.17   9.34   9.3
   9.37   9.31   9.25   9.16   9.26   9.17   9.23   9.23   9.39   9.49
   9.38   9.37   9.52   9.48   9.6    9.47   9.26   9.42   9.5    9.53
   9.44   9.29   9.11   9.18   8.96   9.12   9.13   9.12   9.3    9.15
   9.13   9.38   9.15   9.12   9.02   8.88   8.66   8.74   8.58   8.65
   8.52   8.62   8.55   8.3    8.09   8.16   8.28   8.19   8.04   8.06
   8.11   8.21   8.49   8.53   8.28   8.35   8.43   8.45   8.37   8.39
   8.36   8.32   8.1    7.96   8.03   7.94   7.87   7.71   7.57   7.44
   7.49   7.33   7.23   7.22   7.26   7.21   7.29   7.42   7.47   7.54
   7.63   7.62   7.63   7.4    7.28   7.36   7.28   7.11   6.92   6.85
   6.86   6.83   6.7    6.49   6.53   6.59   6.56   6.49   6.61   6.59
   6.49   6.43   6.27   6.07   6.     5.9    6.06   5.96   5.9    5.93
   5.82   5.69   5.75   5.66   5.57   5.48   5.41   5.45   5.4    5.42
   5.4    5.47   5.36   5.44   5.49   5.43   5.42   5.37   5.36   5.3
   5.26   5.18   5.29   5.25   5.21   5.2    5.17   5.22   5.24   5.19
   4.98   5.08   4.96   5.01   5.01   4.98   4.82   4.85   4.83   4.83
   4.95   4.88   4.97   4.89   4.9    4.99   4.84   4.86   4.92   4.89
   4.95   4.86   4.76   4.8    4.72   4.63   4.62   4.67   4.67   4.6
   4.52   4.46   4.46   4.43   4.45   4.53   4.48   4.46   4.37   4.44
   4.53   4.47   4.5    4.49   4.42   4.5    4.39   4.47   4.51   4.48
   4.45   4.5    4.42   4.39   4.39   4.46   4.33   4.42   4.44   4.49
   4.37   4.24   4.2    4.21   4.1    4.19   4.15   4.18   4.14   4.11
   4.14   4.06   4.12   4.12   4.07   4.03   4.05   3.98   3.85   3.85
   3.79   3.79   3.79   3.84   3.83   3.83   3.83   3.78   3.7    3.73
   3.82   3.82   3.8    3.83   3.82   3.75   3.8    3.75   3.69   3.59
   3.65   3.67   3.61   3.57   3.52   3.53   3.48   3.45   3.45   3.41
   3.43   3.56   3.49   3.54   3.51   3.41   3.52   3.51   3.46   3.44
   3.41   3.35   3.3    3.3    3.27   3.27   3.26   3.28   3.22   3.2
   3.14   3.1    3.15   3.13   3.01   2.99   3.07   3.05   3.     3.
   2.99   3.09   3.03   3.1    3.08   3.01   2.98   2.94   2.91   2.86
   2.81   2.9    2.93   2.9    2.93   2.85   2.82   2.89   2.89   2.83
   2.82   2.87   2.84   2.82   2.76   2.72   2.75   2.74   2.74   2.74
   2.85   2.88   2.88   2.83   2.73   2.72   2.73   2.72   2.79   2.73
   2.78   2.74   2.67   2.65   2.65   2.65   2.65   2.66   2.59   2.64
   2.61   2.58   2.52   2.44   2.43   2.46   2.47   2.41   2.41   2.44
   2.41   2.36   2.43   2.36   2.4    2.38   2.44   2.43   2.42   2.41
   2.39   2.4    2.39   2.39   2.32   2.31   2.37   2.39   2.36   2.33
   2.33   2.38   2.35   2.32   2.32   2.27   2.31   2.3    2.28   2.29
   2.25   2.21   2.2    2.15   2.1    2.12   2.09   2.08   2.06   2.1
   2.13   2.18   2.19   2.2    2.19   2.17   2.12   2.15   2.1    2.11
   2.1    2.1    2.11   2.18   2.21   2.23   2.12   2.12   2.11   2.1
   2.16   2.21   2.21   2.25   2.22   2.14   2.17   2.16   2.18   2.17
   2.16   2.18   2.15   2.12   2.09   2.12   2.16   2.13   2.13   2.13
   2.1    2.02   1.98   1.99   2.01   1.98   2.     1.95   1.96   1.91
   1.94   1.92   1.89   1.92   1.86   1.91   1.88   1.85   1.85   1.82
   1.86   1.86   1.82   1.82   1.81   1.81   1.81   1.81   1.88   1.83
   1.86   1.82   1.83   1.86   1.8    1.83   1.82   1.86   1.83   1.83
   1.82   1.82   1.8    1.78   1.76   1.78   1.76   1.74   1.73   1.73
   1.72   1.7    1.71   1.66   1.69   1.69   1.69   1.7    1.7    1.69
   1.58   1.62   1.63   1.62   1.64   1.63   1.56   1.51   1.54   1.53
   1.56   1.58   1.56   1.57   1.57   1.58   1.6    1.58   1.55   1.52
   1.53   1.55   1.53   1.47   1.46   1.43   1.44   1.44   1.49   1.48
   1.49   1.47   1.44   1.44   1.41   1.34   1.37   1.36   1.4    1.35
   1.33   1.33   1.31   1.31   1.28   1.27   1.26   1.23   1.21   1.21
   1.18   1.16   1.16   1.15   1.15   1.12   1.14   1.12   1.1    1.11
   1.07   1.07   1.04   1.01   1.02   1.02   1.03   1.01   1.     1.  ]

bias = False
nonlinearity = <class 'torch.nn.modules.activation.ReLU'>
dimNodeSignals = [1, 1, 1]
nShiftTaps = [1, 1]
nFilterNodes = [50, 50]
dimLayersMLP = [9]

