2020/11/02 14:45:35

nTrain = 0
nValid = 0
nTest = 1000
nEpochs = 100
batchSize = 200
validationInterval = 100

lossFunction = <class 'torch.nn.modules.loss.CrossEntropyLoss'>
OptimAlg = ADAM
learningRate = 0.001
beta1 = 0.9
beta2 = 0.999
device = cpu

bias = False
nonlinearity = <class 'torch.nn.modules.activation.ReLU'>
dimNodeSignals = [1, 1]
nShiftTaps = [5]
nFilterNodes = [50]
dimLayersMLP = [9]

nFeatureBank = 1
nClasses = 9
k = 5
nLayers = 1
Feature Reduction = True
Class Reduction = True
Used Architecture = ConvNet
Edge Function = KNN Correlation
EdgeFn Threshold = 5

Runtime = 58.50194617200009

Prediction = [[9.05964063e-04 7.56796137e-04 1.99778388e-03 9.64559755e-04
  4.04051474e-04 6.78397386e-04 9.24620869e-03 5.04670979e-04
  2.25916275e-03]
 [1.72879060e-03 1.78541427e-03 1.11351497e-03 1.15001251e-03
  1.22085070e-03 2.56823396e-03 1.24552924e-03 1.05064129e-03
  1.65547073e-03]
 [1.45268068e-03 1.31867729e-03 1.94465482e-03 4.56774601e-04
  5.30387510e-04 8.59710349e-04 3.52626652e-04 3.37275078e-04
  1.99738455e-04]
 [1.42555913e-03 3.18480062e-03 9.23463610e-03 7.94346215e-04
  1.86930122e-04 4.85202307e-04 7.34539681e-04 2.80230419e-04
  1.30818236e-03]
 [1.01747906e-03 1.39129044e-03 3.13779308e-03 9.29753375e-04
  3.60536006e-04 5.28372930e-04 1.49689755e-03 4.83620272e-04
  1.23521435e-03]
 [6.39673831e-04 4.20493533e-04 4.37913339e-04 4.77464543e-04
  2.36648660e-03 1.32379838e-03 1.00197063e-03 1.26737201e-03
  2.96625907e-04]
 [1.32062948e-03 1.93561785e-03 1.94461073e-03 8.80370770e-04
  8.74453367e-04 1.69064944e-03 7.68897252e-04 8.02802674e-04
  1.12956404e-03]
 [1.43169604e-03 1.61696071e-03 1.43280549e-03 1.04890075e-03
  9.52105658e-04 1.31075120e-03 8.34437803e-04 8.18963016e-04
  1.44741792e-03]
 [1.38607786e-03 1.89608307e-03 1.26469480e-03 1.09246667e-03
  1.43841620e-03 3.08341209e-03 1.48303707e-03 6.82691005e-04
  1.55606120e-03]
 [1.61371933e-03 1.62124359e-03 1.36725899e-03 9.71919610e-04
  9.99050158e-04 1.62495390e-03 7.78368641e-04 7.79059658e-04
  1.12706061e-03]
 [9.38087465e-04 8.08447103e-04 6.82495777e-04 5.94055023e-04
  1.19178729e-03 1.22614385e-03 7.49824681e-04 5.15781201e-04
  2.60178962e-04]
 [9.24610959e-04 6.16252988e-04 3.42558185e-04 5.62998991e-04
  2.91963435e-03 1.97441821e-03 1.20709481e-03 1.14491158e-03
  4.71691762e-04]
 [8.69131447e-04 7.76389067e-04 8.93040738e-04 8.40482878e-04
  9.20197566e-04 1.11169722e-03 1.19950185e-03 8.83142582e-04
  6.74234888e-04]
 [1.01149995e-03 9.75922742e-04 1.08120056e-03 1.00254466e-03
  9.47736871e-04 1.04898588e-03 1.05978603e-03 1.03433820e-03
  9.58765841e-04]
 [1.04221537e-03 1.04200270e-03 1.04175859e-03 1.04162311e-03
  1.04221773e-03 1.04218924e-03 1.04180584e-03 1.04179763e-03
  1.04236549e-03]
 [9.93978394e-04 1.60866692e-03 2.37328710e-03 4.79627628e-04
  4.56071482e-04 6.16139695e-04 3.20483781e-04 3.28045945e-04
  2.14789624e-04]
 [7.86629863e-04 4.98839197e-04 5.63511960e-04 5.70852349e-04
  1.74836242e-03 1.12070687e-03 9.70814283e-04 1.30033808e-03
  4.32969334e-04]
 [8.31823893e-04 6.66077467e-04 6.56198685e-04 6.95307403e-04
  1.35434525e-03 1.26213189e-03 9.24192438e-04 1.03525678e-03
  4.72494520e-04]
 [1.03700739e-03 1.65744772e-03 2.31457852e-03 8.03853308e-04
  5.94384729e-04 6.21345141e-04 5.60127077e-04 7.00974120e-04
  8.58006212e-04]
 [1.35493380e-03 2.36507475e-03 4.30377568e-03 7.23964450e-04
  5.82644819e-04 3.05913196e-03 1.00451774e-03 6.73133980e-04
  9.29689920e-04]
 [9.89320664e-04 1.12550083e-03 2.21574679e-03 9.12389121e-04
  4.60538025e-04 4.70753374e-04 1.26314075e-03 3.77763213e-04
  7.41442464e-04]
 [8.73371358e-04 1.19875226e-03 1.57561926e-03 8.61981418e-04
  1.24281427e-03 1.64229306e-03 1.28571073e-03 1.04974044e-03
  9.17125666e-04]
 [9.23567193e-04 9.81429740e-04 1.38092185e-03 7.73215292e-04
  7.22848556e-04 7.45838837e-04 1.04525219e-03 9.77939135e-04
  8.08080275e-04]
 [7.81739418e-04 2.70623221e-04 3.15229950e-04 2.74371742e-04
  3.98097517e-03 1.10641493e-03 8.62420836e-04 2.06271009e-03
  2.53265545e-04]
 [1.09493063e-03 1.01931715e-03 1.08380125e-03 8.29309556e-04
  9.48037229e-04 9.79850089e-04 8.68301941e-04 8.13933261e-04
  6.56284446e-04]
 [8.08754013e-04 9.60325242e-04 9.34335163e-04 7.17855781e-04
  2.52436999e-03 2.11018912e-03 1.16155227e-03 1.34722207e-03
  7.38706064e-04]
 [5.41604620e-04 1.68197168e-04 2.27354060e-04 1.97900380e-04
  4.87010449e-03 1.36040004e-03 8.69998082e-04 1.99209952e-03
  1.19319090e-04]
 [7.84532180e-04 5.47316106e-04 6.97732491e-04 4.77533287e-04
  2.29567001e-03 1.55324217e-03 8.93322305e-04 1.53196078e-03
  4.18641658e-04]
 [7.38878267e-04 9.34360882e-04 7.38261910e-04 5.97715350e-04
  3.42877935e-03 2.35671792e-03 9.37427253e-04 1.38275780e-03
  5.70668533e-04]
 [1.01928094e-03 1.01512222e-03 1.06565622e-03 1.02189282e-03
  9.97160660e-04 1.05349866e-03 1.04432526e-03 1.03804987e-03
  1.00918716e-03]
 [1.32087804e-03 1.01785966e-03 8.62094001e-04 7.14637048e-04
  1.10964347e-03 1.05890752e-03 1.50531972e-03 5.00538811e-04
  9.01514438e-04]
 [1.30310302e-03 1.52646047e-03 1.56565848e-03 9.57059970e-04
  8.23698709e-04 1.21023778e-03 8.39367620e-04 8.56883538e-04
  1.15042226e-03]
 [9.36582433e-04 9.16066378e-04 1.27180429e-03 8.50669058e-04
  8.19868683e-04 1.20624297e-03 1.14018573e-03 9.70086876e-04
  7.60703083e-04]
 [8.05220246e-04 5.05924230e-04 4.54015290e-04 5.43487936e-04
  2.08478061e-03 1.34360130e-03 1.13586303e-03 1.22769655e-03
  4.25159866e-04]
 [6.63603646e-04 2.72164987e-04 3.47484448e-04 3.14233951e-04
  2.92480008e-03 1.18912733e-03 9.35970725e-04 1.65748497e-03
  2.20436570e-04]
 [1.13705638e-03 1.17905894e-03 1.12650731e-03 1.10425142e-03
  1.01292348e-03 1.11806561e-03 9.14076334e-04 9.59668154e-04
  1.09859622e-03]
 [1.13833450e-03 7.51915559e-04 1.25332560e-03 8.28269692e-04
  6.52905020e-04 8.86056572e-04 2.86326070e-03 6.70124373e-04
  1.36505319e-03]
 [6.86263846e-04 4.83060791e-04 1.40661537e-03 3.24006838e-04
  4.58070665e-04 6.17033566e-04 1.29379992e-03 9.87003119e-04
  2.88615213e-04]
 [1.55691364e-03 2.11331538e-03 2.24764189e-03 7.62775809e-04
  6.82950425e-04 9.96558469e-04 5.42803371e-04 5.55715914e-04
  9.55014760e-04]
 [8.71366840e-04 9.60468689e-04 1.61874006e-03 7.27082838e-04
  6.04532201e-04 6.63132800e-04 8.96080545e-04 8.52233116e-04
  6.85679211e-04]
 [1.19607135e-03 1.43300907e-03 1.55311344e-03 9.38084927e-04
  7.72581938e-04 1.56218539e-03 1.23980338e-03 7.29668875e-04
  1.06284620e-03]
 [1.46535460e-03 1.24659995e-03 1.22889753e-03 1.16469039e-03
  8.83828567e-04 1.39534108e-03 2.69590868e-03 5.27797253e-04
  2.07815933e-03]
 [6.39736359e-04 4.65113352e-04 1.15493654e-03 2.98507941e-04
  7.62800301e-04 5.82363069e-04 7.20347598e-04 9.49406202e-04
  2.19828653e-04]
 [4.82612131e-04 9.78256841e-04 5.89773043e-03 4.08013975e-04
  1.56076956e-04 1.80114329e-04 6.91602952e-04 3.80115327e-04
  2.72253169e-04]
 [7.86364722e-04 4.78106530e-04 5.33121350e-04 4.59311667e-04
  2.29103273e-03 1.31404710e-03 9.38496786e-04 1.48894245e-03
  3.85911935e-04]
 [1.29181943e-03 2.07232742e-03 2.40571085e-03 1.07481875e-03
  7.69115724e-04 1.34266504e-03 1.03729144e-03 6.43351317e-04
  1.62566233e-03]
 [8.03186048e-04 7.02107458e-04 2.58499707e-03 6.32347480e-04
  3.07523506e-04 3.42613837e-04 3.78283039e-03 5.42244894e-04
  1.02203332e-03]
 [1.42486856e-03 1.53460995e-03 1.78511493e-03 9.77179114e-04
  7.29566010e-04 1.18088505e-03 9.01590999e-04 7.74061247e-04
  1.15814895e-03]
 [1.01090928e-03 9.56205285e-04 1.07993395e-03 9.60165898e-04
  9.53805682e-04 1.10198151e-03 1.02522227e-03 1.04573207e-03
  8.67275084e-04]
 [1.18565178e-03 8.61313787e-04 1.02813169e-03 8.25541113e-04
  1.07888598e-03 1.04779318e-03 1.00438224e-03 9.73045792e-04
  7.39297645e-04]
 [9.66329920e-04 1.00920844e-03 1.25490760e-03 8.49925623e-04
  8.19060110e-04 8.37636444e-04 1.05556457e-03 9.91611178e-04
  8.82736231e-04]
 [8.08528554e-04 6.46693449e-04 6.37764575e-04 5.71578789e-04
  1.38581045e-03 1.21230028e-03 1.08384917e-03 9.39479416e-04
  4.51251052e-04]
 [7.89800820e-04 4.39297312e-04 5.59430398e-04 4.40412468e-04
  2.32650720e-03 1.28039182e-03 9.03876478e-04 1.56520174e-03
  3.73545627e-04]
 [6.80910581e-04 4.51485722e-04 3.65264359e-04 5.24949409e-04
  2.55236841e-03 1.11710727e-03 1.00318873e-03 1.20701990e-03
  3.55543673e-04]
 [1.10226845e-03 2.04747369e-03 3.43538925e-03 7.41397929e-04
  4.39548910e-04 6.04067961e-04 4.16572012e-04 5.74452891e-04
  7.87280331e-04]
 [1.45562717e-03 1.41296924e-03 1.88117452e-03 1.53754849e-03
  6.20695100e-04 1.24554636e-03 2.77598467e-03 5.64550396e-04
  2.55066426e-03]
 [4.68840688e-04 7.97610445e-04 7.70644572e-03 6.52510368e-04
  1.18488152e-04 1.11171867e-04 2.52159317e-03 2.63700288e-04
  7.31226450e-04]
 [8.84599146e-04 1.19634387e-03 2.56648052e-03 6.36500406e-04
  4.32325496e-04 4.54352979e-04 8.63820997e-04 6.14514641e-04
  7.49825590e-04]
 [8.46320664e-04 1.03164281e-03 1.75667280e-03 6.52691481e-04
  6.33574038e-04 5.27853393e-04 8.74517358e-04 8.54577410e-04
  6.78629429e-04]
 [1.20407273e-03 1.45959360e-03 1.63036237e-03 9.01893037e-04
  7.13862299e-04 1.13944823e-03 8.53007644e-04 7.94056399e-04
  9.75962776e-04]
 [1.01783646e-03 1.10502713e-03 1.60086758e-03 8.25371438e-04
  6.66080149e-04 6.29817124e-04 8.61190163e-04 5.92123883e-04
  6.38194967e-04]
 [1.07273813e-03 1.05371969e-03 1.04510041e-03 1.05371459e-03
  1.05858278e-03 1.11331021e-03 1.11367595e-03 1.03127167e-03
  1.07848518e-03]
 [6.86592346e-04 3.45210632e-04 3.00054783e-04 3.42084402e-04
  4.51155885e-03 1.29073498e-03 8.98433387e-04 1.68863353e-03
  2.65929111e-04]
 [1.03506392e-03 1.05380082e-03 1.32700708e-03 1.01137200e-03
  8.56774777e-04 7.63709952e-04 1.13334197e-03 7.60295655e-04
  1.10476375e-03]
 [5.48061835e-04 2.63007487e-04 3.59280521e-04 1.91745235e-04
  9.01198714e-03 2.64673146e-03 6.91900717e-04 2.57013940e-03
  1.35947128e-04]
 [8.47690147e-04 9.22275015e-04 1.75329676e-03 8.07713238e-04
  5.57242096e-04 5.73806968e-04 1.34018943e-03 7.74484425e-04
  8.30574911e-04]
 [9.61859127e-04 1.29241557e-03 1.10095791e-03 9.96147944e-04
  1.50842057e-03 1.76196632e-03 1.09113924e-03 1.01549102e-03
  9.68732540e-04]
 [1.43783705e-03 2.16117074e-03 2.94554312e-03 1.21529816e-03
  4.77228511e-04 1.03411965e-03 1.30129950e-03 4.81231930e-04
  1.77139644e-03]
 [7.30909863e-04 3.61495895e-04 3.59240304e-04 3.98354140e-04
  2.96247848e-03 1.11883175e-03 9.26519746e-04 1.54963557e-03
  3.08158955e-04]
 [1.30247342e-03 5.98017429e-04 3.19388452e-04 3.22699509e-04
  2.61195790e-03 2.24795142e-03 4.34544921e-04 3.72900132e-04
  8.03818264e-05]
 [1.36153534e-03 2.83045104e-03 2.96599557e-03 1.31672453e-03
  9.03040468e-04 2.70695809e-03 1.29694825e-03 6.03362699e-04
  2.09802659e-03]
 [8.51739208e-04 1.06737272e-03 1.70832178e-03 7.47231940e-04
  6.39503810e-04 5.68689940e-04 7.74531792e-04 8.19977826e-04
  7.23868536e-04]
 [1.05045335e-03 1.30350200e-03 3.06894965e-03 8.36831126e-04
  3.49950324e-04 4.05624338e-04 2.44198723e-03 3.83629345e-04
  1.62200257e-03]
 [1.00299856e-03 9.24990704e-04 1.11840481e-03 9.43572915e-04
  8.60874840e-04 1.04350831e-03 1.10557704e-03 1.00877552e-03
  8.85878409e-04]
 [1.09779522e-03 8.66686309e-04 1.10767648e-03 9.55333951e-04
  9.58689737e-04 9.41329236e-04 1.46775425e-03 9.40005150e-04
  1.04799831e-03]
 [9.81517664e-04 9.70408887e-04 9.75782170e-04 9.89412846e-04
  1.07275297e-03 1.05583219e-03 1.03048553e-03 1.02427826e-03
  9.46172242e-04]
 [1.24598876e-03 1.12464795e-03 1.05643041e-03 9.07303522e-04
  1.12248450e-03 1.35093932e-03 9.62246443e-04 9.04458619e-04
  8.26779291e-04]
 [7.48505436e-04 5.98990313e-04 4.78268179e-04 6.41736058e-04
  2.27759060e-03 1.23033536e-03 1.03353892e-03 1.14550659e-03
  4.80903508e-04]
 [1.12130697e-03 9.92523623e-04 1.10779251e-03 7.78736695e-04
  9.68295877e-04 9.77380521e-04 8.30039413e-04 8.39508542e-04
  6.15003221e-04]
 [9.87138636e-04 8.86157853e-04 8.83829391e-04 1.04573867e-03
  1.02868928e-03 1.40131075e-03 1.97954091e-03 8.36312751e-04
  1.04432787e-03]
 [9.50034113e-04 8.67963015e-04 6.97063570e-04 8.31559726e-04
  1.52414864e-03 1.30202299e-03 9.43977195e-04 9.88552392e-04
  7.03418495e-04]
 [8.74944987e-04 7.90449621e-04 5.33822250e-04 7.06451126e-04
  1.65139750e-03 1.34937118e-03 7.62902953e-04 6.95285599e-04
  3.24283398e-04]
 [7.64111249e-04 4.16224763e-04 3.79114756e-04 4.46216227e-04
  2.86372075e-03 1.09737807e-03 9.54907757e-04 1.46090485e-03
  3.62780671e-04]
 [9.17759832e-04 6.16294266e-04 4.89230126e-04 4.99823701e-04
  1.91331609e-03 1.41855061e-03 6.22961404e-04 7.43429291e-04
  2.10783627e-04]
 [1.01478844e-03 1.04102722e-03 1.58482949e-03 9.31627818e-04
  6.44326510e-04 7.11311224e-04 1.23938666e-03 6.25259426e-04
  8.64252743e-04]
 [5.21606019e-04 3.56141247e-04 3.08334580e-04 2.87857471e-04
  7.55799766e-03 2.57098884e-03 8.32966984e-04 1.81385074e-03
  1.81931575e-04]
 [8.06406535e-04 6.59093349e-04 6.19578334e-04 7.49290117e-04
  1.50732890e-03 1.09452070e-03 1.03516082e-03 1.09244668e-03
  5.59276942e-04]
 [1.81477417e-03 3.46030777e-03 1.84715203e-03 1.26432050e-03
  1.97783315e-03 8.28856482e-03 9.31096877e-04 7.78574829e-04
  1.59904445e-03]
 [1.13710691e-03 1.19759988e-03 1.46884580e-03 8.38004917e-04
  7.03438843e-04 1.14711457e-03 1.01353428e-03 8.30668749e-04
  8.81592641e-04]
 [9.51823288e-04 9.25152813e-04 1.30908221e-03 7.79708968e-04
  7.11159783e-04 8.61354135e-04 1.13557638e-03 9.72219259e-04
  7.84220553e-04]
 [1.11841726e-03 1.00272270e-03 1.08281012e-03 9.55344239e-04
  1.01253768e-03 1.05435696e-03 9.91596187e-04 9.88782581e-04
  9.21815362e-04]
 [1.35939701e-03 1.89776313e-03 2.76634843e-03 1.11881654e-03
  5.20262895e-04 1.89840016e-03 1.35083613e-03 6.37041017e-04
  1.32428285e-03]
 [1.39076537e-03 1.28869376e-03 1.05278875e-03 1.16039645e-03
  1.04702552e-03 1.66008243e-03 1.58034631e-03 8.37829350e-04
  1.47621295e-03]
 [8.82161128e-04 7.74398720e-04 8.17092323e-04 7.32228445e-04
  1.55329717e-03 1.25294213e-03 1.00417701e-03 1.19781408e-03
  6.52195617e-04]
 [9.72609668e-04 8.67037862e-04 1.17868798e-03 8.83855606e-04
  7.52807290e-04 1.05386573e-03 1.16203834e-03 9.88382335e-04
  8.10634957e-04]
 [8.57573748e-04 1.22225683e-03 1.45817726e-03 9.24871045e-04
  1.00554533e-03 1.33948095e-03 1.28057646e-03 9.91754847e-04
  9.50719120e-04]
 [1.15762109e-03 1.46154087e-03 1.64598131e-03 9.21986494e-04
  7.36409410e-04 1.02640699e-03 7.93339558e-04 8.17800880e-04
  9.89871931e-04]
 [1.86313961e-03 2.42207195e-03 3.90230519e-03 4.80730619e-04
  3.73897937e-04 6.98363300e-04 2.64183136e-04 1.93598960e-04
  2.58237803e-04]
 [9.85260097e-04 1.03857870e-03 8.40902920e-04 9.03488153e-04
  1.19811426e-03 1.32530973e-03 1.05021685e-03 8.46063402e-04
  8.09171013e-04]
 [1.07352188e-03 1.04109859e-03 9.74639525e-04 9.68187129e-04
  1.06992612e-03 1.10356807e-03 9.19472943e-04 8.89168895e-04
  7.85629296e-04]]
costBest = 0.87
costLast = 0.87
GE_best = [118.16 107.71 109.79 102.26 103.6   96.39  99.13  93.38  91.9   95.6
  97.41  96.43  92.51  93.98  93.22  93.    91.74  93.31  91.48  88.31
  89.04  90.28  91.65  90.69  87.69  86.7   85.39  83.56  84.95  85.97
  84.64  83.33  83.05  81.24  82.1   82.83  82.04  81.36  81.99  81.96
  81.59  80.63  80.69  80.74  81.65  81.9   82.66  81.17  80.96  80.7
  81.59  82.21  82.54  83.75  83.1   82.71  80.34  79.76  79.39  77.53
  77.17  77.69  77.15  76.02  75.09  74.29  74.24  73.04  71.82  70.88
  70.88  70.26  69.74  70.5   71.03  71.11  71.35  72.1   72.49  72.88
  73.    72.35  71.27  70.31  70.52  70.79  70.38  71.09  69.82  69.9
  69.85  69.55  69.54  69.11  68.76  68.62  69.05  69.    67.97  67.79]
GE_last = [111.72 122.37 118.7  123.7  121.67 115.34 118.16 116.43 118.06 114.77
 112.44 108.26 107.2  104.45 101.87 102.04 104.02 100.71 101.39 101.16
 100.36  98.51  98.2   97.65  98.02  96.85  94.24  93.97  92.11  92.71
  91.75  89.39  88.58  89.02  87.64  86.08  87.84  86.51  85.51  84.24
  83.49  85.71  88.07  89.1   89.43  88.64  90.11  88.83  89.49  89.23
  88.39  89.35  88.5   88.39  89.25  88.73  86.79  85.87  85.53  84.5
  83.85  82.99  82.88  81.98  81.92  82.48  81.68  80.26  79.66  78.37
  78.75  78.75  78.33  77.6   76.48  75.54  74.67  75.04  74.7   75.35
  75.9   75.83  75.72  76.76  75.55  74.88  73.24  72.88  72.61  72.12
  71.6   70.96  70.86  70.52  70.8   70.94  70.51  70.16  69.95  69.74]

bias = False
nonlinearity = <class 'torch.nn.modules.activation.ReLU'>
dimNodeSignals = [1, 1]
nShiftTaps = [5]
nFilterNodes = [50]
dimLayersMLP = [9]

nFeatureBank = 1
nClasses = 9
k = 5
nLayers = 1
Feature Reduction = True
Class Reduction = True
Used Architecture = ConvNet
Edge Function = KNN Correlation
EdgeFn Threshold = 5

Runtime = 57.4836406070001

Prediction = [[2.69499111e-04 2.21370983e-04 1.14414188e-03 4.83227376e-05
  1.61100817e-04 1.09685016e-04 3.18443528e-04 8.19617037e-04
  3.27696143e-04]
 [4.03073187e-04 4.59883805e-04 8.42485656e-04 4.35944645e-04
  2.48488166e-04 3.00693271e-04 3.74219746e-04 1.04779355e-03
  4.92406143e-04]
 [1.01702438e-04 2.42795712e-04 2.34217289e-03 4.95562681e-05
  1.14901772e-04 2.60874256e-04 2.89639014e-04 1.57001856e-03
  2.62124012e-04]
 [2.33435926e-04 2.95629890e-04 1.22892596e-03 1.77015363e-04
  1.76955300e-04 2.83868259e-04 4.06486040e-04 1.62653654e-03
  2.48831098e-04]
 [1.69889373e-04 9.73102755e-04 1.09191112e-03 3.54932421e-04
  1.94754973e-04 4.03317266e-04 3.25607507e-04 9.08716078e-04
  6.34023277e-04]
 [7.57440561e-05 3.02539994e-04 3.20697514e-03 4.68078261e-05
  1.36330134e-04 2.88773827e-04 2.34998202e-04 1.46420562e-03
  3.64888599e-04]
 [1.60141519e-04 2.17993143e-04 2.16223371e-03 1.23097061e-04
  2.37738587e-04 5.46273508e-04 4.29759137e-04 2.03911161e-03
  1.98614059e-04]
 [5.81322532e-05 1.43518866e-03 7.58411511e-03 5.49405055e-04
  9.92415198e-05 5.31010829e-04 3.58568621e-04 7.82504037e-03
  7.09784387e-04]
 [1.24038620e-04 9.21848610e-04 1.52651771e-03 2.05591564e-04
  1.37212390e-04 3.12768786e-04 2.71060593e-04 9.95761952e-04
  6.34363842e-04]
 [9.01650818e-05 1.31841381e-03 3.49570874e-03 5.69228294e-04
  1.25418536e-04 3.29527396e-04 2.47566673e-04 2.23411422e-03
  1.17501218e-03]
 [2.32324121e-04 4.46935920e-04 8.51019551e-04 4.30106625e-04
  4.97374541e-04 9.11963759e-04 4.00648417e-04 7.50386892e-04
  4.11433947e-04]
 [1.28374167e-04 2.91947429e-04 4.25061739e-03 7.82853791e-04
  6.38407778e-04 2.06059615e-03 5.54163701e-04 7.85327327e-03
  3.30711826e-04]
 [4.10719639e-04 4.19188315e-04 5.90636143e-04 1.64045096e-04
  2.70443303e-04 2.99765810e-04 5.00092807e-04 6.65314748e-04
  3.76805284e-04]
 [9.87601643e-05 8.29708763e-04 3.44700132e-03 5.67343041e-04
  2.17005793e-04 7.68337848e-04 3.36717787e-04 3.22873104e-03
  5.57705136e-04]
 [1.48469521e-04 3.13764388e-04 2.35434972e-03 7.09480285e-05
  1.78058542e-04 1.78929788e-04 2.46921842e-04 7.83301098e-04
  7.40364273e-04]
 [1.98130963e-04 3.13707479e-04 1.42668337e-03 4.54870921e-05
  1.13222755e-04 1.10911594e-04 2.69535185e-04 8.91700289e-04
  3.78898680e-04]
 [2.38536680e-04 2.14756960e-04 1.03663230e-03 6.49532797e-05
  1.84274500e-04 1.35169891e-04 2.19240876e-04 7.54639052e-04
  3.90565372e-04]
 [8.95286083e-05 6.21931142e-04 4.67779523e-03 5.64578726e-04
  2.25175346e-04 1.18628627e-03 4.62488914e-04 8.42666788e-03
  3.51313723e-04]
 [4.47334467e-05 8.27032912e-04 3.17607241e-03 3.84300240e-04
  3.54707425e-04 2.19865682e-03 2.19822084e-04 8.57636443e-04
  6.88022109e-04]
 [3.12471841e-04 2.65756963e-04 8.95207465e-04 1.25810769e-04
  1.98144192e-04 1.68920307e-04 3.20166818e-04 7.20136080e-04
  3.31767400e-04]
 [3.75881386e-04 3.72424558e-04 5.22376018e-04 3.60254040e-04
  4.11769529e-04 6.09600285e-04 5.03342839e-04 7.43533884e-04
  3.34130250e-04]
 [2.37779187e-04 6.23494226e-04 8.23670198e-04 2.97415824e-04
  3.14525985e-04 4.55932144e-04 2.73592396e-04 3.71675732e-04
  6.09213325e-04]
 [9.50204353e-05 7.28720005e-04 2.38188565e-03 4.89693511e-05
  5.14332586e-05 9.65569409e-05 2.12683952e-04 1.27072253e-03
  5.89697224e-04]
 [1.74044736e-04 5.37036651e-04 9.41043669e-04 1.57657395e-04
  2.17660914e-04 3.02196004e-04 2.63459136e-04 3.93212641e-04
  6.61389127e-04]
 [1.64575190e-04 8.58532060e-04 1.26106670e-03 3.80694575e-04
  1.60372384e-04 4.82622471e-04 4.45004689e-04 1.84289953e-03
  4.37020271e-04]
 [1.28091985e-04 8.14404431e-04 8.49105715e-04 3.41331061e-04
  2.91215757e-04 7.06399173e-04 2.24040396e-04 4.22838356e-04
  7.53340479e-04]
 [1.64285879e-04 5.80299893e-04 1.59668684e-03 1.00395220e-04
  8.02212833e-05 1.13631817e-04 2.66085746e-04 1.35250033e-03
  4.49422790e-04]
 [5.96075140e-05 3.28186032e-04 2.10677997e-02 2.04413247e-03
  4.19305239e-04 2.00823728e-03 3.38040717e-04 6.83529628e-02
  6.78832318e-04]
 [1.13626608e-04 4.01154834e-04 2.24044297e-03 5.24102853e-04
  4.90050581e-04 1.71267616e-03 4.56173091e-04 2.40462595e-03
  4.44574282e-04]
 [2.09877164e-04 3.04448689e-04 1.21552848e-03 5.72907689e-05
  1.59658127e-04 1.29384087e-04 2.67225117e-04 7.05420833e-04
  4.27459093e-04]
 [1.18296040e-04 1.89741554e-04 2.81173186e-03 2.18414948e-05
  5.64351672e-05 9.35263316e-05 2.71930089e-04 2.97883117e-03
  1.95304945e-04]
 [5.64263951e-05 4.75056366e-04 1.24762035e-02 9.56732187e-04
  2.94939885e-04 2.03259656e-03 4.20420261e-04 3.11246616e-02
  4.08601899e-04]
 [1.43385788e-04 2.77508849e-04 3.03127102e-03 8.29202216e-04
  6.78887820e-04 1.73237031e-03 4.59209769e-04 4.89231958e-03
  4.89360601e-04]
 [1.71416757e-04 3.32594785e-04 2.51071770e-03 6.32831847e-04
  5.07793110e-04 1.45389377e-03 5.09867103e-04 4.49051550e-03
  2.97048671e-04]
 [1.52232371e-04 4.43751826e-04 1.85887291e-03 1.68728072e-04
  2.33206577e-04 2.78201592e-04 2.47632187e-04 8.28122231e-04
  6.37184568e-04]
 [4.32992190e-04 4.31845478e-04 4.62229595e-04 4.22750399e-04
  4.26320581e-04 4.43038433e-04 4.59133629e-04 4.38039776e-04
  4.54302233e-04]
 [2.54819958e-04 2.56640830e-04 1.25667262e-03 4.15793351e-05
  1.64396680e-04 1.60834822e-04 3.34807916e-04 5.96602186e-04
  3.44515828e-04]
 [3.39735444e-04 4.51437140e-04 6.94863046e-04 2.74223705e-04
  2.37395082e-04 2.64251199e-04 3.86634028e-04 7.43295933e-04
  4.10387393e-04]
 [2.89335624e-04 2.37336791e-04 1.22104456e-03 6.78896569e-04
  8.51960905e-04 1.37173117e-03 5.71944389e-04 1.99556167e-03
  3.19494370e-04]
 [1.71385714e-04 3.55958492e-04 1.29020697e-03 2.60066714e-04
  3.25095380e-04 6.84002035e-04 3.30131017e-04 9.15534520e-04
  3.42873410e-04]
 [1.59640100e-04 5.19531414e-04 1.97409471e-03 3.78910545e-04
  2.24413322e-04 7.76921483e-04 4.91929271e-04 3.11494766e-03
  3.13832500e-04]
 [1.84407445e-04 4.09537259e-04 1.78132768e-03 5.08033471e-05
  6.81098304e-05 9.18349693e-05 3.14962336e-04 1.47276775e-03
  3.47022022e-04]
 [2.18805468e-04 6.10278846e-04 8.72003709e-04 4.24994672e-04
  3.79136134e-04 6.02951357e-04 3.06879329e-04 5.16069897e-04
  5.87779545e-04]
 [3.41292959e-04 3.21446578e-04 6.85434229e-04 1.64859390e-04
  2.85590386e-04 2.38878232e-04 3.43904695e-04 5.96944984e-04
  3.99013652e-04]
 [2.55754538e-04 4.02741151e-04 8.62357132e-04 1.76075228e-04
  2.24183613e-04 2.36267484e-04 2.83070944e-04 5.33687051e-04
  4.74244586e-04]
 [2.18590227e-04 2.09782707e-04 1.43612979e-03 1.35767694e-04
  2.81339587e-04 4.01487997e-04 3.90495878e-04 1.48093072e-03
  2.26401053e-04]
 [2.30610477e-04 1.93041857e-04 1.16122469e-03 4.50032762e-05
  1.49001546e-04 1.54716046e-04 3.43845163e-04 1.25747011e-03
  2.46017815e-04]
 [8.99165616e-05 6.43945388e-04 2.32698225e-03 2.03507741e-04
  2.56370740e-04 9.76530645e-04 3.36863288e-04 1.54664970e-03
  4.76288195e-04]
 [2.93442754e-04 3.34131390e-04 1.03415958e-03 1.15740194e-04
  1.38628827e-04 1.45925937e-04 3.56168491e-04 1.01946509e-03
  3.18515871e-04]
 [6.87994282e-05 7.92723206e-04 5.88134475e-03 4.90044926e-04
  1.76223744e-04 1.02213755e-03 3.74075961e-04 6.62562143e-03
  4.62973316e-04]
 [4.44673668e-05 6.82376171e-04 5.45305544e-03 4.40339367e-04
  3.81601240e-04 2.43337319e-03 2.67465395e-04 2.49312643e-03
  5.67605935e-04]
 [1.72200812e-04 4.90319046e-04 8.21295292e-04 2.08150429e-04
  2.69280402e-04 4.82355214e-04 3.02417858e-04 4.73379612e-04
  5.47032463e-04]
 [1.74987106e-04 4.35374550e-04 3.75303676e-03 8.81844185e-04
  4.41193310e-04 6.46118318e-04 2.71324022e-04 2.70670946e-03
  8.25479711e-04]
 [1.88195043e-04 2.22311307e-04 1.94448141e-03 1.71321081e-05
  8.36287956e-05 6.20625323e-05 2.58428825e-04 1.28427320e-03
  3.30725839e-04]
 [5.84092966e-05 4.50154593e-04 4.60555421e-03 1.62513757e-04
  1.49489256e-04 8.23248167e-04 3.13895088e-04 3.15521020e-03
  3.07455722e-04]
 [1.84344956e-04 5.95605509e-04 1.95357638e-03 7.70157272e-04
  2.48282286e-04 4.73319288e-04 4.33275250e-04 3.56097964e-03
  6.77394817e-04]
 [1.82202017e-04 4.01324445e-04 1.12122130e-03 8.95871982e-05
  1.68589685e-04 1.68716463e-04 2.43475419e-04 5.81300399e-04
  5.31150563e-04]
 [2.28169826e-04 2.14905498e-04 1.32068505e-03 5.41381469e-05
  1.31123674e-04 1.11091647e-04 2.77103240e-04 8.19930923e-04
  3.22552932e-04]
 [2.19029768e-04 1.61841227e-04 2.17431173e-03 4.66051741e-04
  5.25625805e-04 6.93435637e-04 3.30701095e-04 3.60549925e-03
  3.92376535e-04]
 [3.02812312e-04 2.73519879e-04 7.32270108e-04 2.00531610e-04
  3.11148878e-04 3.76758068e-04 4.09874253e-04 7.88634964e-04
  3.03848422e-04]
 [1.75332152e-04 2.39158992e-04 2.03806496e-03 5.97917381e-04
  9.09844795e-04 2.52144563e-03 5.69536787e-04 2.99142682e-03
  2.62047883e-04]
 [1.36913534e-04 3.92480271e-04 2.38483022e-03 5.46523761e-04
  4.63734721e-04 1.47194988e-03 4.25082601e-04 3.21416063e-03
  3.65787239e-04]
 [1.78898064e-04 6.02360694e-04 1.14723829e-03 4.28139045e-04
  3.97685389e-04 7.45146341e-04 2.93845715e-04 6.24307943e-04
  5.80747341e-04]
 [2.59512448e-04 2.65377641e-04 9.75783184e-04 1.43262588e-04
  2.03837956e-04 2.46683577e-04 3.58005646e-04 1.08984800e-03
  2.82704790e-04]
 [2.03325330e-04 8.66526026e-04 9.57791232e-04 3.36635644e-04
  1.65741197e-04 3.15676694e-04 2.99480082e-04 7.50609150e-04
  6.46183699e-04]
 [3.39628263e-04 2.61088328e-04 8.36676509e-04 7.28799382e-05
  2.47607580e-04 2.20896014e-04 4.17205879e-04 5.32384906e-04
  3.53617410e-04]
 [4.03752648e-04 3.48192291e-04 5.40778358e-04 2.54174822e-04
  3.43232489e-04 4.21317836e-04 4.35085534e-04 5.41291665e-04
  3.53147700e-04]
 [2.50533522e-04 4.83342614e-04 8.94157414e-04 1.95151892e-04
  2.21767008e-04 2.91476278e-04 3.39883075e-04 5.09825498e-04
  4.91548517e-04]
 [2.72481993e-04 2.10476835e-04 1.20113499e-03 5.89457378e-05
  1.54525960e-04 1.22515528e-04 3.12351552e-04 7.70719692e-04
  2.98278934e-04]
 [3.20611853e-04 3.19998456e-04 8.23285908e-04 1.18849922e-04
  2.10545851e-04 1.85276302e-04 3.80622131e-04 7.13435042e-04
  3.69029953e-04]
 [3.06707944e-04 3.60319705e-04 9.68616704e-04 6.79869154e-04
  5.57960875e-04 5.92203102e-04 3.25697456e-04 8.37659700e-04
  7.02212007e-04]
 [1.86319063e-04 4.09020331e-04 1.96841687e-03 6.47403702e-04
  5.26796146e-04 9.43814459e-04 3.47046426e-04 1.62584482e-03
  5.42124286e-04]
 [1.22542137e-04 1.53436819e-04 3.16056846e-03 8.42273420e-06
  5.49463461e-05 3.64299204e-05 1.80635917e-04 1.18069679e-03
  3.02645078e-04]
 [2.90407019e-04 2.49899988e-04 9.48950813e-04 6.25080491e-05
  2.00980833e-04 1.50200787e-04 3.36688615e-04 7.02212258e-04
  3.52577448e-04]
 [1.57793448e-04 1.99893037e-04 1.80890419e-03 2.08133592e-05
  9.61897085e-05 7.95135745e-05 2.60714022e-04 7.52442768e-04
  3.71471087e-04]
 [1.82607696e-04 4.29175088e-04 1.71376747e-03 2.52123112e-04
  3.14069037e-04 5.12171910e-04 4.27743460e-04 1.67884906e-03
  4.23115841e-04]
 [2.02056860e-04 3.76219009e-04 8.25268461e-04 2.16728854e-04
  2.25044418e-04 3.75552428e-04 2.83066759e-04 6.33736018e-04
  4.10445450e-04]
 [3.19487806e-04 2.48570047e-04 9.57745538e-04 7.08867391e-05
  1.82712195e-04 1.55531359e-04 3.48476320e-04 6.95176415e-04
  3.23945472e-04]
 [6.81721038e-05 3.31921756e-04 1.84231379e-03 6.39606235e-05
  1.54299842e-04 4.30632086e-04 2.07275856e-04 1.08827522e-03
  4.06584340e-04]
 [1.31806479e-04 7.01716290e-04 2.69111657e-03 3.36024642e-04
  1.44676170e-04 3.01620883e-04 3.32814385e-04 3.46301419e-03
  6.55162769e-04]
 [2.07507278e-04 6.49337086e-04 1.21087093e-03 3.72903007e-04
  2.37356902e-04 5.11706601e-04 3.47228726e-04 1.12090071e-03
  4.41253618e-04]
 [7.17821709e-05 1.74837330e-04 1.97830305e-02 2.31065546e-03
  8.42844483e-04 4.21440336e-03 4.96165857e-04 1.15311388e-01
  4.01335411e-04]
 [1.97925235e-04 7.27342423e-04 6.38109768e-04 4.25698884e-04
  3.38052356e-04 5.39425780e-04 2.39313375e-04 3.23550168e-04
  7.91302365e-04]
 [2.51501179e-04 5.20712791e-04 8.64611735e-04 4.37991067e-04
  2.68392165e-04 3.44615081e-04 2.65438610e-04 5.52740753e-04
  7.61678142e-04]
 [2.03550737e-04 2.94215645e-04 2.37410447e-03 8.07393591e-04
  5.14601067e-04 1.26915084e-03 6.63899137e-04 7.33920331e-03
  2.89076644e-04]
 [1.47644507e-04 6.55770615e-04 1.21321058e-03 4.73136985e-04
  3.71552303e-04 7.17060694e-04 2.31930974e-04 5.75256441e-04
  8.00886623e-04]
 [3.32723553e-04 2.82086125e-04 1.09611848e-03 4.23848616e-04
  4.79756257e-04 8.25824616e-04 5.62664332e-04 1.51816110e-03
  2.87430434e-04]
 [1.93710916e-04 6.78662589e-04 9.78739248e-04 4.20367292e-04
  3.45991391e-04 5.53525346e-04 2.58589025e-04 4.79868904e-04
  7.01791738e-04]
 [3.21419366e-04 5.40754580e-04 4.69042589e-04 5.36194112e-04
  3.51788089e-04 4.17812242e-04 3.39270557e-04 6.01980423e-04
  6.82658428e-04]
 [2.21548922e-04 9.63007538e-04 8.25891775e-04 3.35589765e-04
  1.49839988e-04 2.83980741e-04 3.62225517e-04 9.06293502e-04
  5.85244716e-04]
 [4.48622334e-04 4.48622334e-04 4.48622334e-04 4.48622334e-04
  4.48622334e-04 4.48622334e-04 4.48622334e-04 4.48622334e-04
  4.48622334e-04]
 [2.47491665e-04 2.44975327e-04 1.08235370e-03 5.86670714e-05
  1.35239644e-04 1.54243870e-04 3.32118771e-04 1.24885097e-03
  2.64930246e-04]
 [4.48622987e-04 4.48620631e-04 4.48623627e-04 4.48624311e-04
  4.48620225e-04 4.48622755e-04 4.48624182e-04 4.48624489e-04
  4.48620633e-04]
 [9.92835118e-05 1.00708573e-03 5.07986978e-03 6.67993522e-04
  1.50902749e-04 3.85071148e-04 2.94356728e-04 3.97955936e-03
  9.95453981e-04]
 [1.87612703e-04 2.34648215e-04 2.71507190e-03 3.67030388e-04
  3.48089659e-04 9.04020113e-04 5.81725438e-04 5.70586868e-03
  2.37433942e-04]
 [8.16043047e-05 4.22802451e-04 1.34628819e-02 1.77188919e-03
  2.98073175e-04 1.09760985e-03 3.64534205e-04 5.11532717e-02
  7.10430020e-04]
 [5.60644850e-05 5.83734444e-04 1.18704546e-02 1.14307420e-03
  2.24602035e-04 1.28874098e-03 3.30610053e-04 2.75088201e-02
  6.53372474e-04]
 [3.93945972e-04 5.11226680e-04 5.28387819e-04 4.23726760e-04
  3.00983774e-04 3.84776080e-04 3.94960036e-04 6.66372412e-04
  4.44402623e-04]
 [8.64457405e-05 7.97152785e-04 7.54511698e-03 6.15632952e-04
  1.21012636e-04 5.61586492e-04 3.84743731e-04 1.39772670e-02
  5.52524860e-04]
 [2.25223660e-04 8.29231886e-04 7.56611625e-04 5.44149169e-04
  2.12419703e-04 3.06279078e-04 2.65305899e-04 1.08848044e-03
  8.76635684e-04]]
costBest = 0.92
costLast = 0.92
GE_best = [125.8  132.66 139.96 144.71 153.6  155.95 159.88 160.59 165.86 164.25
 164.76 165.38 166.99 169.22 172.78 174.64 177.78 181.65 184.59 186.64
 187.73 189.66 190.55 191.96 193.68 194.32 193.44 195.92 198.44 200.44
 201.23 201.8  202.36 201.95 203.69 203.76 205.16 206.47 207.61 208.47
 207.28 207.53 207.43 207.79 207.74 208.58 208.05 208.43 209.95 209.07
 207.93 208.7  209.95 209.4  210.69 211.68 211.5  211.97 214.19 214.
 214.37 214.75 215.6  215.79 216.6  216.18 217.46 218.32 218.75 219.24
 218.12 218.46 218.34 218.84 218.58 218.88 219.5  219.47 219.82 219.21
 219.17 219.7  219.98 221.11 221.41 222.13 222.63 222.81 222.38 222.64
 223.14 223.15 224.18 224.82 225.   224.96 224.52 224.42 225.07 225.34]
GE_last = [146.33 146.05 152.79 149.26 148.08 156.17 155.08 160.76 158.07 163.63
 162.76 168.24 167.99 167.73 167.72 170.68 169.91 170.13 171.32 173.77
 174.42 176.4  174.91 176.95 178.9  182.01 182.25 183.29 184.91 183.66
 184.56 186.73 190.6  191.07 191.59 192.63 193.27 193.62 195.92 196.53
 198.94 199.18 199.53 200.04 200.61 201.27 202.74 203.55 202.76 204.14
 205.1  205.86 205.27 205.23 205.91 206.45 208.26 208.62 208.52 208.38
 208.77 210.15 210.83 210.92 210.72 211.03 211.47 212.57 211.97 212.47
 212.94 213.44 213.42 212.17 212.44 213.37 214.36 215.39 216.03 216.92
 215.97 215.96 216.22 216.6  216.02 216.36 215.86 216.36 216.48 216.77
 217.54 217.56 217.68 219.4  219.29 219.73 220.51 222.16 221.72 222.37]

bias = False
nonlinearity = <class 'torch.nn.modules.activation.ReLU'>
dimNodeSignals = [1, 1]
nShiftTaps = [5]
nFilterNodes = [50]
dimLayersMLP = [9]

nFeatureBank = 1
nClasses = 9
k = 5
nLayers = 1
Feature Reduction = True
Class Reduction = True
Used Architecture = ConvNet
Edge Function = KNN Correlation
EdgeFn Threshold = 5

