2020/10/27 15:58:09

nTrain = 0
nValid = 0
nTest = 1000
nEpochs = 200
batchSize = 200
validationInterval = 1000

lossFunction = <class 'torch.nn.modules.loss.CrossEntropyLoss'>
OptimAlg = ADAM
learningRate = 0.001
beta1 = 0.9
beta2 = 0.999
device = cpu

bias = False
nonlinearity = <class 'torch.nn.modules.activation.ReLU'>
dimNodeSignals = [1, 1]
nShiftTaps = [1]
nFilterNodes = [50]
dimLayersMLP = [9]

nFeatureBank = 1
nClasses = 9
k = 1
nLayers = 1
Feature Reduction = True
Class Reduction = True
Used Architecture = MLPConvNet
Edge Function = KNN Correlation
EdgeFn Threshold = 5

Runtime = 343.9629682628438

Prediction = [[0.00011106 0.00011106 0.00011106 ... 0.00011111 0.0001111  0.00011111]
 [0.00011108 0.00011107 0.00011109 ... 0.00011109 0.00011108 0.00011108]
 [0.00011106 0.0001111  0.00011107 ... 0.00011108 0.00011117 0.00011112]
 ...
 [0.00011104 0.00011106 0.00011103 ... 0.00011113 0.00011116 0.00011108]
 [0.00011103 0.00011108 0.00011108 ... 0.00011114 0.00011124 0.00011108]
 [0.00011106 0.00011107 0.0001111  ... 0.00011112 0.00011111 0.00011108]]
costBest = 0.958
costLast = 0.958
GE_best = [120.05 120.96 128.52 133.15 139.1  141.86 145.75 144.4  144.86 147.75
 150.48 154.74 153.89 155.52 159.84 160.6  162.07 161.87 161.27 164.34
 163.69 165.49 164.69 164.58 161.48 161.73 162.31 165.86 165.16 166.39
 169.2  171.2  169.85 171.85 170.63 172.68 174.83 177.32 178.72 178.19
 179.67 180.97 182.43 182.84 182.71 182.82 182.98 179.57 181.2  184.24
 187.61 187.88 188.11 188.86 189.56 190.06 190.9  191.2  192.23 192.68
 193.33 193.86 195.28 195.68 196.04 197.13 195.77 196.51 197.4  198.13
 199.83 200.94 201.38 202.   203.36 204.34 205.45 206.22 206.31 205.67
 205.63 205.91 206.22 209.18 209.08 209.08 209.1  208.62 208.88 210.41
 209.84 210.04 211.65 211.92 212.68 212.45 213.41 213.43 213.41 213.56
 213.25 214.03 213.94 214.16 213.71 214.31 214.48 214.96 215.41 215.06
 214.69 214.51 214.86 214.68 214.79 214.92 215.39 215.5  215.4  215.35
 215.55 216.24 216.2  215.81 215.04 215.49 216.18 216.11 217.14 217.54
 217.6  217.6  218.27 218.86 219.38 219.66 220.43 220.88 220.57 219.97
 220.84 221.01 220.47 220.05 220.06 220.23 219.79 220.35 221.47 221.73
 221.71 221.94 222.46 222.43 222.83 223.28 223.45 223.6  223.51 223.68
 224.34 224.39 224.8  225.44 225.17 225.33 225.9  226.34 226.95 227.23
 227.29 227.84 227.67 227.92 227.91 228.52 228.58 229.4  228.93 229.2
 229.06 229.29 228.63 228.88 229.39 230.21 230.23 230.53 230.94 231.81
 231.98 232.09 232.15 232.16 231.98 231.85 232.34 232.72 232.41 232.12
 232.48 232.77 232.77 233.82 233.6  233.55 233.66 234.26 234.5  234.78
 234.96 234.78 234.94 235.13 235.48 235.6  235.95 236.53 236.68 236.58
 236.99 236.77 237.02 237.63 237.52 237.71 238.25 238.34 238.06 238.26
 237.96 237.88 238.06 238.23 238.35 238.29 238.47 238.38 238.69 238.72
 239.13 239.3  239.45 239.78 239.95 239.83 239.72 240.07 239.81 239.57
 239.83 240.12 240.16 240.21 240.24 240.34 240.42 240.85 240.82 240.74
 241.   240.92 241.32 241.8  241.81 241.85 241.96 241.97 242.3  242.42
 242.23 242.06 241.99 242.02 241.81 242.23 242.22 242.12 242.26 242.13
 242.45 242.65 242.76 242.53 242.77 242.66 242.57 242.33 242.53 242.28
 242.54 242.64 242.87 242.82 242.99 242.94 243.12 243.23 243.39 243.21
 243.43 243.68 243.48 243.4  243.39 243.33 243.44 243.73 243.91 244.2
 244.48 244.32 244.01 244.3  244.44 244.35 244.21 244.4  244.36 244.16
 244.52 244.63 244.54 244.64 244.59 244.76 245.01 245.24 245.24 245.33
 245.46 245.49 245.7  245.78 245.77 245.86 245.92 245.91 245.93 246.1
 246.03 246.13 246.15 246.29 246.33 246.6  246.64 246.83 246.85 246.72
 246.65 246.63 246.77 246.87 246.95 246.87 246.85 247.   246.81 246.53
 246.59 246.51 246.42 246.49 246.49 246.53 246.73 246.89 246.98 246.92
 246.91 247.21 247.33 247.27 247.15 247.22 247.41 247.39 247.68 247.64
 247.81 247.8  247.99 248.02 247.97 248.17 248.04 248.2  248.04 248.03
 248.28 248.52 248.48 248.51 248.77 248.51 248.51 248.44 248.45 248.66
 248.63 248.85 248.87 249.01 248.96 248.97 249.   249.21 249.04 249.18
 249.27 249.15 249.29 249.44 249.41 249.45 249.51 249.7  249.72 249.74
 249.62 249.62 249.75 249.9  249.85 249.85 249.85 249.96 249.99 250.14
 250.2  250.1  250.04 250.02 250.05 249.95 250.08 250.05 250.14 250.21
 250.32 250.51 250.4  250.2  250.26 250.42 250.32 250.35 250.47 250.52
 250.41 250.5  250.57 250.49 250.42 250.6  250.57 250.54 250.56 250.52
 250.46 250.37 250.29 250.39 250.53 250.32 250.45 250.53 250.51 250.54
 250.45 250.39 250.47 250.48 250.42 250.43 250.48 250.44 250.42 250.38
 250.41 250.43 250.51 250.61 250.7  250.67 250.73 250.71 250.61 250.71
 250.79 250.7  250.6  250.68 250.7  250.87 250.96 250.99 251.03 251.
 251.05 251.08 251.05 251.12 251.36 251.48 251.41 251.26 251.38 251.35
 251.23 251.3  251.28 251.28 251.38 251.23 251.31 251.34 251.12 251.38
 251.37 251.33 251.21 251.13 251.15 251.24 251.24 251.26 251.38 251.41
 251.48 251.52 251.55 251.5  251.49 251.53 251.58 251.48 251.52 251.54
 251.59 251.62 251.65 251.67 251.69 251.63 251.6  251.84 251.82 251.92
 251.91 251.96 251.92 251.88 251.96 251.93 252.03 251.99 251.96 251.96
 252.01 252.02 252.01 252.01 252.05 252.   252.08 252.14 252.16 252.25
 252.15 252.21 252.25 252.26 252.25 252.25 252.27 252.32 252.32 252.44
 252.41 252.42 252.46 252.5  252.51 252.56 252.48 252.56 252.62 252.75
 252.76 252.76 252.79 252.79 252.81 252.82 252.9  253.04 252.99 252.94
 252.99 253.02 253.01 253.   253.02 253.   252.92 252.92 252.94 253.02
 253.01 253.   252.95 252.98 252.88 253.02 252.99 253.02 253.03 253.04
 253.04 253.14 253.15 253.12 253.1  253.05 253.1  253.17 253.21 253.21
 253.21 253.22 253.17 253.19 253.17 253.24 253.3  253.31 253.26 253.33
 253.4  253.42 253.5  253.47 253.43 253.34 253.28 253.38 253.38 253.38
 253.33 253.37 253.41 253.37 253.38 253.39 253.4  253.46 253.41 253.46
 253.5  253.51 253.57 253.53 253.53 253.57 253.52 253.51 253.47 253.59
 253.61 253.52 253.57 253.55 253.57 253.54 253.5  253.52 253.56 253.55
 253.63 253.61 253.64 253.58 253.66 253.64 253.71 253.74 253.78 253.76
 253.86 253.79 253.89 253.84 253.9  253.9  253.85 253.84 253.82 253.87
 253.88 253.91 253.91 253.94 253.89 253.95 253.88 253.92 253.97 253.98
 253.99 254.03 254.03 254.07 254.06 254.11 254.17 254.15 254.13 254.08
 254.05 254.1  254.14 254.12 254.17 254.19 254.27 254.22 254.19 254.21
 254.24 254.3  254.35 254.31 254.36 254.33 254.33 254.31 254.33 254.29
 254.27 254.28 254.32 254.36 254.36 254.35 254.34 254.33 254.38 254.36
 254.38 254.36 254.39 254.39 254.4  254.47 254.44 254.46 254.45 254.44
 254.46 254.46 254.46 254.49 254.49 254.48 254.53 254.54 254.53 254.57
 254.56 254.54 254.55 254.59 254.6  254.56 254.55 254.55 254.53 254.53
 254.49 254.53 254.52 254.51 254.53 254.58 254.58 254.58 254.58 254.55
 254.56 254.55 254.55 254.56 254.57 254.58 254.61 254.62 254.57 254.57
 254.55 254.54 254.53 254.55 254.57 254.59 254.58 254.59 254.57 254.57
 254.59 254.6  254.56 254.59 254.62 254.62 254.61 254.61 254.62 254.62
 254.65 254.64 254.65 254.66 254.64 254.67 254.66 254.65 254.67 254.67
 254.67 254.67 254.69 254.68 254.69 254.67 254.69 254.69 254.69 254.71
 254.72 254.74 254.74 254.74 254.74 254.75 254.74 254.76 254.76 254.74
 254.77 254.77 254.76 254.79 254.81 254.79 254.78 254.78 254.76 254.8
 254.82 254.81 254.81 254.8  254.8  254.76 254.77 254.79 254.8  254.79
 254.82 254.81 254.82 254.83 254.84 254.83 254.87 254.86 254.86 254.87
 254.86 254.85 254.85 254.84 254.86 254.85 254.88 254.87 254.89 254.89
 254.9  254.89 254.89 254.88 254.88 254.89 254.9  254.91 254.91 254.89
 254.88 254.88 254.88 254.89 254.9  254.9  254.89 254.88 254.9  254.89
 254.88 254.89 254.88 254.87 254.88 254.88 254.88 254.88 254.87 254.88
 254.88 254.89 254.9  254.9  254.91 254.92 254.92 254.91 254.91 254.91
 254.94 254.93 254.91 254.93 254.95 254.92 254.93 254.94 254.95 254.94
 254.95 254.96 254.96 254.96 254.96 254.98 254.97 254.96 254.96 254.96
 254.96 254.96 254.92 254.93 254.94 254.94 254.93 254.96 254.95 254.94
 254.96 254.96 254.96 254.95 254.96 254.96 254.97 254.97 254.97 254.98
 254.98 254.99 254.99 254.97 254.98 254.98 254.98 254.99 254.99 254.99
 254.99 254.99 254.98 254.98 254.98 254.99 254.99 254.99 255.   255.
 255.   255.   255.   255.   255.   255.   255.   255.   255.   255.  ]
GE_last = [145.92 150.65 151.12 152.54 152.47 154.66 157.53 159.87 156.27 159.27
 160.72 161.21 159.68 162.84 160.47 164.43 166.56 167.93 168.08 168.83
 170.16 170.38 169.33 173.65 174.52 174.98 177.9  177.54 179.73 182.69
 184.52 184.71 182.93 184.87 185.34 187.03 187.87 187.41 188.33 188.1
 187.27 188.47 189.09 188.7  190.   189.5  191.29 193.11 193.11 193.46
 193.16 195.53 194.97 195.51 196.75 196.99 199.17 199.43 200.64 202.01
 203.32 203.95 204.69 204.13 204.79 203.98 203.47 203.74 205.26 205.5
 206.11 206.98 206.36 207.08 207.77 207.87 209.06 208.72 208.7  208.64
 209.18 209.15 210.75 211.11 211.51 212.09 213.19 213.47 213.75 214.2
 214.84 216.01 215.92 216.46 216.98 217.22 217.4  217.14 217.47 217.89
 217.85 216.83 217.73 217.56 217.32 217.71 218.34 218.83 219.08 218.45
 218.69 218.6  218.33 217.86 217.46 217.83 217.24 217.35 217.42 216.99
 216.44 216.84 217.59 218.22 218.54 218.09 218.51 218.42 219.15 219.34
 219.67 219.69 219.34 219.26 220.52 221.45 221.79 222.75 221.67 221.42
 221.76 222.19 221.88 222.31 222.32 222.24 222.37 222.69 222.79 223.07
 223.41 223.7  224.14 224.36 223.89 224.02 224.3  224.74 225.4  225.63
 225.71 226.33 226.97 227.68 227.41 227.16 227.73 228.26 228.41 228.9
 229.31 229.25 229.08 228.59 229.41 229.36 229.2  229.2  229.27 229.37
 229.62 229.66 229.88 229.96 230.15 229.92 230.15 229.93 229.64 230.37
 230.74 230.98 230.63 231.1  231.42 232.01 232.07 232.23 232.5  232.79
 232.98 232.48 232.17 232.55 232.24 232.32 233.17 233.04 233.23 233.21
 233.56 233.59 233.64 233.83 233.86 234.08 233.99 234.16 234.17 234.11
 234.47 234.95 235.15 235.54 235.59 235.68 235.2  235.18 235.2  234.92
 235.2  235.76 235.62 235.8  236.31 236.7  236.66 236.7  236.79 237.02
 237.2  237.33 237.2  237.61 237.4  237.22 237.3  237.05 237.05 236.85
 236.71 236.8  236.5  236.75 237.07 237.77 237.7  238.01 238.07 238.11
 238.41 238.54 238.85 238.97 238.79 238.52 238.41 238.85 238.46 238.39
 238.52 238.76 238.83 239.06 239.   239.06 239.37 239.03 239.35 239.79
 239.34 239.67 239.47 239.21 239.29 239.72 239.65 239.65 240.26 240.37
 240.48 240.53 240.48 240.68 240.77 240.95 240.84 241.08 240.8  240.84
 240.74 241.09 241.54 241.6  241.46 242.03 242.19 242.27 242.44 242.36
 242.37 242.33 242.32 242.18 242.38 242.29 242.49 242.64 242.67 242.48
 242.5  242.54 242.75 242.89 242.82 242.61 242.7  242.93 242.73 242.65
 242.46 242.36 242.52 242.41 242.56 242.62 242.71 242.56 242.77 242.75
 242.61 242.75 242.83 242.74 242.78 242.97 243.18 243.39 243.47 243.65
 243.5  243.62 244.36 244.43 244.69 244.78 244.92 244.89 244.77 244.86
 245.01 245.29 245.28 245.51 245.47 245.46 245.36 245.3  245.34 245.5
 245.49 245.54 245.4  245.45 245.49 245.51 245.63 245.61 245.77 245.79
 245.63 245.88 245.96 246.25 246.48 246.79 246.95 246.8  246.93 247.
 247.03 246.96 246.81 246.99 247.04 246.9  247.18 247.32 247.38 247.28
 247.37 247.62 247.57 247.62 247.54 247.66 247.4  247.3  247.38 247.45
 247.51 247.3  247.23 247.23 247.35 247.3  247.22 247.2  247.23 247.33
 247.48 247.54 247.66 247.57 247.63 247.54 247.55 247.72 247.67 247.55
 247.52 247.52 247.5  247.53 247.7  247.89 247.88 248.03 248.04 248.11
 248.15 248.41 248.46 248.57 248.7  248.97 248.86 248.95 248.91 248.82
 248.77 248.9  249.01 249.11 249.28 249.31 249.43 249.43 249.37 249.44
 249.44 249.47 249.61 249.52 249.45 249.56 249.56 249.64 249.62 249.83
 249.71 249.78 249.76 249.8  249.86 249.91 250.02 250.09 249.91 249.95
 249.92 249.82 249.92 249.89 249.97 249.86 249.97 249.96 249.88 249.96
 249.93 249.93 250.04 250.21 250.21 250.17 250.24 250.32 250.49 250.62
 250.59 250.72 250.75 250.91 251.   250.94 251.05 251.06 251.22 251.32
 251.22 251.13 251.21 251.33 251.32 251.39 251.41 251.53 251.54 251.5
 251.5  251.55 251.52 251.49 251.47 251.51 251.55 251.49 251.49 251.58
 251.56 251.6  251.71 251.7  251.83 251.89 251.87 251.86 251.95 251.81
 251.94 251.96 251.97 252.19 252.17 252.29 252.18 252.24 252.24 252.26
 252.35 252.28 252.37 252.39 252.39 252.43 252.34 252.29 252.38 252.26
 252.22 252.39 252.36 252.43 252.36 252.34 252.3  252.36 252.43 252.44
 252.37 252.46 252.43 252.5  252.47 252.52 252.43 252.45 252.53 252.62
 252.67 252.73 252.74 252.77 252.73 252.8  252.72 252.66 252.67 252.71
 252.76 252.77 252.88 252.81 252.84 252.79 252.79 252.86 252.88 252.9
 252.92 252.91 252.97 252.96 253.01 253.13 253.12 253.09 253.12 253.17
 253.17 253.18 253.15 253.17 253.18 253.17 253.1  253.2  253.19 253.17
 253.15 253.22 253.17 253.16 253.2  253.24 253.23 253.23 253.25 253.25
 253.28 253.28 253.25 253.31 253.35 253.41 253.33 253.38 253.42 253.41
 253.44 253.5  253.5  253.5  253.51 253.52 253.48 253.51 253.53 253.54
 253.54 253.59 253.6  253.69 253.69 253.76 253.72 253.72 253.77 253.79
 253.79 253.74 253.79 253.79 253.77 253.73 253.8  253.74 253.78 253.83
 253.81 253.86 253.88 253.83 253.87 253.93 253.91 253.93 253.91 253.93
 253.91 253.92 253.89 253.87 253.86 253.9  253.86 253.87 253.81 253.85
 253.93 253.98 253.99 254.01 254.04 254.03 254.02 254.07 254.09 254.08
 254.07 254.07 254.09 254.15 254.16 254.19 254.13 254.16 254.2  254.18
 254.17 254.14 254.15 254.12 254.09 254.14 254.1  254.18 254.16 254.15
 254.15 254.14 254.13 254.18 254.19 254.21 254.15 254.22 254.18 254.21
 254.26 254.23 254.23 254.24 254.26 254.27 254.26 254.28 254.25 254.26
 254.25 254.28 254.29 254.32 254.34 254.36 254.36 254.37 254.39 254.38
 254.36 254.37 254.41 254.4  254.41 254.39 254.41 254.39 254.38 254.42
 254.4  254.38 254.36 254.38 254.39 254.47 254.44 254.43 254.44 254.46
 254.42 254.43 254.47 254.47 254.45 254.45 254.46 254.48 254.48 254.49
 254.48 254.5  254.51 254.48 254.5  254.51 254.53 254.52 254.54 254.52
 254.54 254.53 254.55 254.51 254.53 254.53 254.54 254.57 254.55 254.53
 254.53 254.49 254.51 254.49 254.52 254.52 254.56 254.55 254.55 254.56
 254.6  254.62 254.63 254.65 254.65 254.65 254.65 254.66 254.64 254.65
 254.65 254.67 254.68 254.69 254.7  254.7  254.69 254.67 254.71 254.69
 254.7  254.69 254.67 254.69 254.69 254.7  254.7  254.65 254.68 254.69
 254.65 254.68 254.68 254.69 254.71 254.72 254.73 254.72 254.72 254.72
 254.73 254.73 254.72 254.73 254.75 254.74 254.74 254.74 254.74 254.79
 254.78 254.81 254.8  254.79 254.79 254.78 254.82 254.81 254.79 254.79
 254.78 254.76 254.75 254.76 254.77 254.77 254.78 254.76 254.75 254.76
 254.76 254.78 254.77 254.77 254.76 254.76 254.75 254.78 254.78 254.8
 254.79 254.82 254.81 254.8  254.81 254.8  254.75 254.77 254.78 254.78
 254.77 254.79 254.79 254.79 254.81 254.83 254.81 254.81 254.81 254.84
 254.83 254.85 254.88 254.87 254.87 254.89 254.9  254.9  254.89 254.85
 254.85 254.85 254.89 254.89 254.89 254.89 254.89 254.89 254.91 254.92
 254.92 254.91 254.93 254.92 254.91 254.92 254.91 254.91 254.92 254.93
 254.92 254.93 254.95 254.94 254.95 254.94 254.95 254.96 254.97 254.96
 254.97 254.95 254.97 254.98 254.97 254.95 254.95 254.96 254.96 254.95
 254.97 254.96 254.96 254.97 254.97 254.96 254.98 254.96 254.97 254.97
 254.97 254.97 254.97 254.97 254.97 254.98 254.98 254.99 254.99 254.99
 254.99 255.   255.   255.   255.   255.   255.   255.   255.   255.
 255.   255.   255.   255.   255.   255.   255.   255.   255.   255.  ]

bias = False
nonlinearity = <class 'torch.nn.modules.activation.ReLU'>
dimNodeSignals = [1, 1]
nShiftTaps = [2]
nFilterNodes = [50]
dimLayersMLP = [9]

nFeatureBank = 1
nClasses = 9
k = 2
nLayers = 1
Feature Reduction = True
Class Reduction = True
Used Architecture = MLPConvNet
Edge Function = KNN Correlation
EdgeFn Threshold = 5

Runtime = 347.211866786005

Prediction = [[0.0001112  0.00011097 0.00011104 ... 0.00011092 0.00011122 0.00011126]
 [0.00011112 0.00011101 0.00011108 ... 0.00011096 0.00011119 0.00011114]
 [0.00011101 0.00011084 0.00011106 ... 0.00011117 0.00011096 0.00011116]
 ...
 [0.00011117 0.00011112 0.00011121 ... 0.00011113 0.00011119 0.00011122]
 [0.00011092 0.00011084 0.00011093 ... 0.00011069 0.00011135 0.00011133]
 [0.00011124 0.00011114 0.00011117 ... 0.00011109 0.00011121 0.00011121]]
costBest = 0.925
costLast = 0.925
GE_best = [129.98 126.28 130.44 133.5  141.17 142.78 143.1  143.78 145.68 146.33
 146.78 148.63 149.52 149.74 149.21 147.34 144.17 144.75 145.38 148.42
 145.58 148.57 151.13 151.68 150.25 152.17 151.57 150.89 152.37 152.69
 153.22 154.11 154.8  158.48 158.75 160.13 161.99 161.51 159.87 159.83
 159.86 162.05 163.37 164.71 165.28 163.7  162.35 161.64 163.05 165.55
 165.64 165.99 167.19 168.53 169.37 168.87 169.19 171.21 170.9  171.27
 171.69 171.32 172.48 174.77 176.26 177.24 177.3  178.98 179.47 181.21
 180.83 180.19 180.41 182.05 182.7  183.01 181.27 181.6  182.1  182.08
 181.34 182.12 180.82 181.78 182.01 182.28 182.35 181.3  182.28 181.21
 182.27 181.96 182.04 183.7  183.19 183.3  184.1  184.63 185.37 184.55
 184.2  183.54 183.77 183.86 183.49 182.67 182.18 182.75 182.66 182.52
 183.6  183.4  182.96 181.57 181.75 183.21 183.15 183.89 183.59 184.15
 185.29 185.66 186.32 187.52 188.2  188.58 188.99 189.94 189.66 190.09
 189.83 190.57 190.36 190.53 191.75 191.25 191.34 191.68 191.45 192.1
 192.93 192.92 192.18 192.31 192.35 194.03 193.84 194.64 194.82 195.96
 197.33 197.82 197.27 196.82 197.23 197.27 197.22 196.81 196.17 196.9
 197.53 197.22 197.71 197.87 198.13 197.89 197.67 198.39 199.33 199.78
 198.96 199.35 199.95 200.91 200.41 200.2  200.57 199.89 200.97 201.72
 202.34 202.4  203.25 202.82 202.41 201.92 202.7  202.76 202.84 203.46
 204.09 203.45 203.59 203.9  203.4  202.88 203.33 203.   203.03 202.95
 203.36 203.53 203.5  204.1  204.7  205.34 205.35 205.36 205.44 205.61
 206.35 205.98 206.57 206.9  207.1  206.92 207.14 207.44 207.45 207.75
 207.87 208.24 208.45 208.87 209.49 209.47 210.04 210.44 210.42 210.49
 211.01 210.53 210.52 210.82 211.06 211.61 211.51 212.09 212.2  213.07
 212.98 212.65 213.56 213.72 213.68 213.84 214.22 214.64 214.59 214.41
 214.67 215.14 215.29 215.19 215.38 216.02 216.72 216.79 217.02 217.28
 217.38 217.95 217.1  217.41 217.45 217.54 216.29 216.05 216.17 216.64
 216.56 217.02 217.15 217.04 216.69 216.15 216.7  217.25 217.43 218.28
 218.65 218.45 218.19 218.77 219.04 218.81 218.95 219.57 219.73 219.16
 219.68 219.94 219.8  219.21 219.18 218.98 218.97 218.69 218.97 219.04
 218.7  218.74 219.07 219.55 220.03 219.96 220.54 220.45 220.42 220.43
 221.03 221.06 221.38 221.06 221.58 222.1  222.58 222.61 222.93 222.73
 222.57 222.3  222.44 222.38 221.54 221.54 222.09 221.95 221.87 221.83
 221.56 221.91 221.88 221.64 221.81 221.96 222.37 222.73 223.28 223.51
 224.07 223.78 223.95 224.25 224.21 224.11 224.21 224.44 224.41 224.23
 224.   224.2  224.65 225.14 225.12 224.77 224.61 224.72 224.84 224.69
 225.43 225.53 225.15 225.31 225.   224.89 224.73 224.91 225.11 224.98
 226.01 225.75 226.06 225.96 226.46 226.44 226.48 226.68 226.59 226.14
 225.95 226.11 226.3  226.3  226.88 226.63 226.58 227.22 227.08 227.09
 227.14 227.2  227.42 227.54 228.04 228.21 228.12 228.18 228.67 229.02
 229.15 229.14 229.65 229.87 229.79 229.34 229.35 229.36 229.58 229.44
 229.18 229.57 229.72 230.11 230.2  230.15 229.43 229.26 229.54 229.4
 229.58 229.66 229.97 230.02 230.15 230.31 230.48 230.16 230.07 230.26
 230.38 230.47 230.67 230.35 230.26 230.91 230.93 230.91 231.5  231.73
 231.7  231.59 231.49 231.45 231.42 231.55 231.51 231.38 230.98 231.4
 231.57 231.58 231.42 232.23 232.12 232.35 232.41 232.51 232.39 232.89
 233.06 233.15 233.1  232.96 233.3  233.25 233.73 233.74 233.92 234.06
 234.38 234.22 234.5  234.5  234.83 235.06 234.56 234.81 234.75 234.87
 235.26 235.62 235.77 236.28 236.23 236.34 236.36 236.41 236.42 236.32
 236.13 236.32 236.28 236.27 236.33 236.53 236.35 236.32 236.42 236.78
 236.71 236.33 236.44 236.38 236.46 236.56 236.58 236.53 236.11 236.4
 236.26 236.29 236.08 236.41 236.82 236.71 236.77 236.85 236.65 236.91
 237.16 237.32 237.41 237.45 237.53 237.58 237.67 238.   237.51 237.4
 237.17 237.31 237.17 237.2  237.44 237.6  237.81 238.24 238.52 238.42
 237.97 238.09 238.5  238.57 238.71 239.03 239.11 239.28 239.53 239.62
 239.45 239.7  239.76 239.7  239.7  240.   240.31 240.36 240.1  240.26
 240.51 240.36 240.5  240.31 240.28 240.45 240.46 240.58 240.87 240.92
 240.75 240.63 240.85 241.18 241.54 241.41 241.41 241.42 241.32 241.05
 241.5  241.77 241.82 241.82 241.98 241.78 241.64 241.73 241.84 241.97
 241.96 241.79 242.13 242.32 242.27 242.21 242.21 242.11 242.24 242.38
 242.44 242.41 242.53 242.63 242.46 242.32 242.37 242.68 242.45 242.53
 242.44 242.59 242.62 242.64 242.73 242.87 243.01 243.01 243.43 243.35
 243.24 243.29 243.33 243.13 243.12 243.33 243.35 243.61 243.55 243.48
 243.48 243.91 243.79 243.88 244.14 244.17 244.18 244.45 244.51 244.49
 244.33 244.43 244.38 244.36 244.38 244.33 244.45 244.46 244.5  244.45
 244.32 244.28 244.47 244.55 244.43 244.53 244.46 244.42 244.72 244.88
 244.99 245.07 245.05 245.02 245.24 245.14 245.07 245.   245.14 245.09
 245.1  245.24 245.19 245.34 245.33 245.29 245.3  245.59 245.84 245.95
 245.86 246.15 246.4  246.34 246.45 246.37 246.6  246.73 246.68 246.85
 246.94 246.94 247.07 247.06 247.   247.13 247.22 247.16 247.26 247.19
 247.23 247.24 247.24 247.18 247.31 247.38 247.41 247.4  247.52 247.54
 247.62 247.71 247.79 247.82 247.94 247.92 247.88 248.01 248.26 248.28
 248.17 248.14 248.24 248.34 248.41 248.47 248.38 248.45 248.5  248.53
 248.51 248.6  248.75 248.75 248.76 248.76 248.81 248.88 248.87 248.79
 248.9  248.87 248.69 248.64 248.66 248.62 248.53 248.62 248.59 248.65
 248.65 248.68 248.82 248.84 248.84 248.91 249.06 249.07 249.01 249.05
 249.02 248.97 249.01 248.99 248.97 249.08 249.26 249.   249.08 249.14
 249.18 249.31 249.28 249.26 249.38 249.41 249.35 249.24 249.21 249.22
 249.31 249.36 249.36 249.28 249.42 249.47 249.59 249.81 249.69 249.69
 249.68 249.7  249.68 249.72 249.75 249.87 249.91 249.9  250.09 250.01
 249.98 249.99 250.02 249.99 249.96 249.95 250.   249.9  250.01 249.94
 249.91 249.91 249.95 250.04 250.02 250.03 249.99 250.   250.07 250.
 249.94 250.02 250.15 250.23 250.26 250.25 250.21 250.28 250.3  250.36
 250.47 250.46 250.52 250.56 250.49 250.53 250.54 250.69 250.6  250.51
 250.61 250.66 250.7  250.77 250.69 250.79 250.78 250.87 250.88 250.89
 250.91 250.92 250.83 250.78 250.86 250.84 250.76 250.73 250.81 250.8
 250.79 250.81 250.82 250.93 250.97 250.94 250.95 250.99 251.05 251.05
 250.98 250.97 250.95 251.06 251.13 251.12 251.13 251.17 251.29 251.2
 251.22 251.16 251.26 251.33 251.32 251.31 251.28 251.26 251.38 251.43
 251.51 251.55 251.68 251.64 251.65 251.7  251.68 251.69 251.62 251.58
 251.81 251.82 251.8  251.78 251.74 251.71 251.75 251.77 251.84 251.79
 251.88 251.83 251.88 251.89 251.82 251.87 251.76 251.8  251.88 251.88
 251.83 251.93 251.83 251.92 252.04 252.02 252.04 252.04 252.1  252.07
 252.16 252.11 252.08 252.14 252.17 252.1  252.14 252.24 252.23 252.23
 252.27 252.28 252.3  252.3  252.33 252.41 252.43 252.44 252.44 252.44
 252.5  252.54 252.61 252.62 252.62 252.69 252.71 252.74 252.7  252.74
 252.76 252.77 252.79 252.67 252.72 252.78 252.77 252.73 252.74 252.81
 252.83 252.89 252.84 252.95 252.93 252.96 252.93 252.98 252.93 252.94
 253.02 252.99 253.07 253.07 253.11 253.12 253.14 253.19 253.2  253.29
 253.24 253.21 253.34 253.29 253.45 253.47 253.6  253.73 253.86 254.  ]
GE_last = [127.22 133.41 130.66 120.75 129.52 133.54 138.71 137.9  142.81 141.66
 143.11 140.78 142.44 143.23 145.68 143.57 144.02 145.28 146.09 147.2
 145.72 145.96 145.65 147.51 148.62 152.59 153.36 155.18 154.43 152.78
 156.   153.07 153.19 154.34 157.17 157.77 157.33 158.11 158.41 159.89
 161.49 161.92 161.18 163.63 163.02 163.13 162.2  162.85 162.08 161.6
 162.3  163.81 165.64 167.25 168.38 168.62 168.37 169.47 168.54 169.35
 170.26 170.5  171.05 170.9  171.62 171.85 170.63 172.18 173.04 175.16
 175.04 175.53 175.71 177.22 177.55 177.69 178.27 178.3  177.07 177.21
 177.43 178.11 178.08 178.34 180.26 181.26 180.56 180.5  181.68 182.62
 182.35 183.27 183.78 183.87 184.05 184.93 184.39 185.27 185.59 185.58
 186.15 186.37 187.59 187.47 188.46 190.34 190.56 190.42 190.91 191.83
 191.78 192.3  192.75 192.76 193.84 192.42 192.89 193.42 194.29 193.21
 193.54 194.25 194.01 194.98 194.55 194.47 194.03 194.55 195.24 194.8
 194.92 193.99 195.66 195.16 195.37 195.65 195.19 196.   196.06 196.48
 195.32 195.76 195.46 196.49 196.27 195.8  196.47 196.96 197.56 197.71
 198.17 198.3  199.28 199.68 198.91 197.64 197.55 198.31 197.54 198.18
 198.01 197.53 198.24 198.01 197.81 198.13 197.86 198.7  198.73 198.45
 198.53 198.83 198.82 197.93 197.77 197.59 198.15 198.13 198.48 198.61
 198.83 198.87 198.85 198.65 199.11 198.44 199.29 199.79 200.52 200.59
 201.59 201.73 201.58 202.07 202.31 203.17 203.5  202.75 203.43 204.48
 203.92 203.81 205.09 204.9  205.27 205.36 206.04 205.74 205.81 205.26
 205.44 205.78 206.63 207.26 207.54 208.14 208.12 208.05 208.38 208.05
 208.31 207.8  208.78 209.48 210.26 210.32 210.21 210.32 211.13 210.22
 210.11 210.66 209.91 210.81 210.73 210.68 210.79 211.38 211.55 211.66
 211.5  211.94 211.63 212.05 212.95 213.61 213.87 213.77 214.33 214.51
 214.54 214.2  214.81 215.01 215.34 215.29 215.03 215.47 215.5  215.2
 214.88 214.58 214.27 214.25 214.58 214.52 214.9  215.22 215.35 215.15
 215.42 215.15 215.27 215.72 216.2  215.88 215.99 216.3  216.34 216.51
 216.41 216.51 216.71 216.78 217.25 217.84 217.96 217.3  217.36 216.9
 216.15 216.01 215.55 215.68 215.59 215.33 215.46 215.47 215.95 216.6
 216.59 216.25 216.71 216.92 217.49 217.4  217.19 217.53 217.49 217.21
 217.42 217.26 217.76 217.78 217.78 217.85 218.   218.28 217.88 217.78
 218.06 217.94 218.47 218.44 218.81 218.83 218.94 219.29 219.59 219.33
 219.41 219.57 219.57 219.62 219.84 219.83 220.03 220.26 220.18 220.85
 220.68 220.59 220.83 221.31 221.02 220.57 220.98 220.51 221.73 221.41
 221.14 221.5  221.47 221.8  222.13 222.31 222.19 223.05 222.97 223.14
 223.55 223.74 223.72 224.07 224.15 223.95 224.04 224.18 224.42 224.54
 224.48 224.29 224.65 224.92 224.92 225.02 225.12 224.66 224.55 224.9
 224.72 224.63 224.7  224.31 224.14 223.96 224.21 224.39 224.69 224.94
 225.22 225.13 225.28 225.39 225.61 225.36 225.38 225.55 225.79 226.06
 226.16 225.89 225.52 225.6  225.94 226.09 226.25 226.28 226.12 225.85
 226.05 226.39 226.84 226.79 226.76 226.64 226.87 226.72 226.28 226.27
 226.39 226.74 226.76 226.75 227.11 227.27 227.31 227.53 227.42 227.85
 227.74 227.46 227.77 228.18 228.22 228.39 228.42 228.94 228.57 228.81
 228.8  228.87 229.17 229.37 229.85 229.97 229.38 229.67 229.8  229.63
 229.48 229.4  229.48 229.96 230.01 230.09 230.74 231.22 231.33 231.25
 231.04 230.84 231.2  230.8  230.89 231.17 231.28 231.16 231.35 231.87
 232.47 232.55 232.44 232.24 231.93 232.01 232.67 232.66 232.64 232.83
 232.7  232.69 233.01 232.94 232.78 232.93 232.76 232.73 232.71 232.72
 232.96 233.33 233.23 233.57 234.03 233.96 234.2  234.3  234.07 234.31
 234.38 234.48 234.86 234.66 234.93 235.11 235.55 235.64 235.74 235.89
 235.7  235.81 235.62 235.77 235.94 236.07 235.95 236.27 236.37 236.5
 236.37 236.43 236.43 236.55 236.75 236.78 236.89 236.63 236.65 236.45
 236.45 236.51 236.51 236.89 236.79 236.47 236.54 236.7  237.05 237.05
 237.27 237.76 237.66 237.76 238.02 237.89 238.29 238.27 237.94 238.29
 238.35 238.53 238.64 238.61 238.86 238.54 238.73 238.89 239.   239.22
 239.49 239.49 239.3  239.35 239.11 239.23 239.05 239.19 239.1  239.09
 239.02 238.89 238.94 239.01 239.2  239.1  239.41 239.22 239.4  239.54
 239.83 239.99 239.8  239.93 240.09 240.29 240.41 240.81 240.61 240.56
 240.57 240.81 240.89 241.01 240.83 240.96 240.96 240.98 241.28 241.16
 241.19 241.31 241.09 241.39 241.45 241.47 241.52 241.27 241.27 241.33
 241.18 241.2  241.32 241.65 241.78 241.75 241.81 241.74 241.89 241.97
 242.26 242.58 242.67 242.89 242.98 242.91 242.99 242.96 243.21 243.25
 243.08 243.14 243.11 243.03 243.43 243.44 243.63 243.57 243.8  243.79
 243.76 243.74 243.8  243.95 244.13 244.26 244.44 244.38 244.52 244.78
 244.88 245.02 244.93 245.03 245.17 245.36 245.27 245.34 245.22 245.08
 245.21 245.59 245.67 245.81 245.72 245.92 245.82 245.93 246.03 246.02
 245.98 245.99 245.81 245.96 246.   246.24 246.31 246.43 246.27 246.26
 246.45 246.57 246.53 246.52 246.45 246.5  246.58 246.55 246.73 246.62
 246.77 246.79 246.81 246.61 246.66 246.65 246.88 246.76 246.69 246.76
 246.76 246.67 246.84 246.88 246.98 247.06 246.93 246.96 247.19 247.18
 247.14 247.17 247.41 247.53 247.5  247.58 247.49 247.43 247.44 247.51
 247.52 247.34 247.52 247.5  247.47 247.52 247.44 247.64 247.8  247.89
 247.95 247.88 247.84 247.89 248.04 248.11 248.06 248.24 248.23 248.23
 248.13 248.21 248.24 248.25 248.27 248.21 248.22 248.16 248.22 248.21
 248.16 248.16 248.36 248.35 248.38 248.51 248.41 248.53 248.4  248.41
 248.7  248.63 248.73 248.62 248.77 248.8  248.93 248.95 249.   249.
 249.12 249.2  249.23 249.23 249.23 249.24 249.06 249.18 249.26 249.19
 249.46 249.5  249.44 249.49 249.46 249.56 249.68 249.61 249.63 249.76
 249.79 249.72 249.75 249.78 249.76 249.83 249.9  249.92 249.99 250.08
 249.94 250.18 250.16 250.14 250.14 250.22 250.31 250.21 250.19 250.23
 250.25 250.29 250.26 250.24 250.24 250.38 250.41 250.4  250.35 250.38
 250.4  250.56 250.54 250.64 250.66 250.65 250.67 250.65 250.56 250.5
 250.37 250.43 250.42 250.52 250.55 250.57 250.44 250.39 250.57 250.55
 250.72 250.8  250.7  250.65 250.58 250.7  250.71 250.74 250.71 250.74
 250.7  250.75 250.86 250.87 250.9  250.96 250.94 250.87 250.9  250.96
 250.93 250.93 250.96 251.02 251.08 250.98 250.93 250.96 251.   250.95
 251.01 251.1  251.18 251.25 251.26 251.3  251.31 251.31 251.22 251.23
 251.36 251.42 251.44 251.38 251.44 251.53 251.51 251.53 251.5  251.46
 251.43 251.54 251.62 251.63 251.66 251.7  251.68 251.74 251.8  251.75
 251.76 251.82 251.83 251.78 251.73 251.76 251.82 251.82 251.84 251.89
 251.83 251.83 251.85 251.83 251.9  251.86 251.88 251.88 251.86 251.89
 251.88 251.83 251.94 251.9  251.83 251.86 251.9  251.86 251.92 251.91
 251.93 251.91 251.97 251.99 252.07 252.06 252.13 252.14 252.11 252.23
 252.14 252.12 252.14 252.11 252.09 252.18 252.26 252.34 252.25 252.3
 252.28 252.32 252.44 252.48 252.43 252.45 252.5  252.54 252.59 252.57
 252.63 252.63 252.54 252.53 252.48 252.63 252.69 252.76 252.77 252.83
 252.82 252.82 252.82 252.87 252.93 252.94 252.94 252.94 252.94 253.
 253.03 253.02 253.05 253.01 253.01 253.03 253.05 253.05 253.14 253.16
 253.22 253.18 253.16 253.12 253.27 253.26 253.24 253.42 253.66 254.  ]

bias = False
nonlinearity = <class 'torch.nn.modules.activation.ReLU'>
dimNodeSignals = [1, 1]
nShiftTaps = [3]
nFilterNodes = [50]
dimLayersMLP = [9]

nFeatureBank = 1
nClasses = 9
k = 3
nLayers = 1
Feature Reduction = True
Class Reduction = True
Used Architecture = MLPConvNet
Edge Function = KNN Correlation
EdgeFn Threshold = 5

Runtime = 354.2602763660252

Prediction = [[0.00011122 0.00011119 0.00011125 ... 0.00011118 0.00011126 0.00011121]
 [0.00011118 0.00011117 0.00011122 ... 0.00011116 0.00011118 0.00011121]
 [0.00011107 0.0001112  0.00011136 ... 0.00011091 0.00011101 0.00011116]
 ...
 [0.00011098 0.00011063 0.00011137 ... 0.00011026 0.00011096 0.00011128]
 [0.00011064 0.00011023 0.00011256 ... 0.00011048 0.00011093 0.0001113 ]
 [0.00011111 0.00011098 0.00011133 ... 0.00011117 0.00011121 0.00011123]]
costBest = 0.893
costLast = 0.893
GE_best = [141.3  147.19 146.64 146.01 144.93 148.03 152.11 149.07 148.97 150.95
 152.73 148.45 149.09 150.75 149.98 150.93 153.4  157.29 158.66 163.87
 166.87 166.79 168.5  170.38 171.59 172.69 174.5  174.67 176.26 173.95
 173.43 173.42 172.78 172.32 173.34 174.65 172.45 173.96 174.44 174.56
 175.64 175.56 174.51 174.82 175.76 175.52 173.06 174.01 174.48 175.68
 175.34 178.22 179.52 179.22 177.5  177.6  177.79 178.15 179.25 180.04
 179.84 179.44 180.45 181.16 182.7  181.99 182.92 184.41 184.42 184.49
 184.71 185.47 184.88 186.33 189.   189.63 190.17 191.15 191.66 191.34
 192.34 192.68 192.37 192.95 193.73 194.01 195.38 196.06 197.34 197.38
 198.88 198.69 198.69 199.48 200.26 200.94 201.13 202.52 202.34 201.9
 203.06 202.94 203.87 204.35 203.75 203.91 204.63 204.17 204.6  205.12
 204.96 204.98 206.1  206.73 208.15 207.83 208.75 209.45 208.9  209.55
 210.   210.1  210.73 210.42 210.31 210.15 209.96 210.96 210.67 211.95
 211.42 211.35 210.63 210.74 211.36 211.99 211.41 211.37 211.91 212.25
 212.57 212.71 213.17 213.85 213.86 214.19 214.23 214.36 214.69 215.08
 215.03 215.42 215.81 215.95 216.63 217.01 217.56 216.89 216.94 217.9
 217.23 218.52 219.13 218.62 219.22 219.49 220.24 220.92 220.87 221.03
 221.06 220.86 220.83 220.29 219.67 220.49 220.25 220.2  220.21 220.96
 221.13 220.87 219.9  220.47 220.32 220.22 220.01 220.31 221.25 220.88
 221.13 221.68 222.04 221.91 221.72 221.62 221.35 221.94 221.78 221.65
 222.17 221.39 221.33 221.59 221.67 222.96 223.54 223.24 224.04 223.84
 223.88 223.25 223.12 223.49 223.97 223.91 224.01 224.39 224.99 224.92
 225.21 225.09 225.3  224.63 224.99 225.36 225.6  226.46 226.56 226.99
 227.58 227.9  228.25 228.03 228.02 228.13 227.6  228.06 227.44 227.89
 227.65 227.69 227.72 228.14 228.65 229.2  229.66 229.35 229.52 229.44
 229.12 229.31 228.88 229.52 229.93 229.82 229.98 230.22 230.41 230.27
 230.37 230.56 230.39 230.74 230.72 230.55 230.55 231.19 232.28 232.13
 231.79 231.68 231.85 232.38 232.22 232.38 232.52 232.82 233.16 233.05
 233.28 233.33 233.74 233.65 233.76 234.17 234.05 234.07 234.01 233.94
 234.22 234.17 233.96 233.83 233.87 233.87 234.2  234.38 234.31 234.57
 234.53 234.79 234.56 234.66 234.8  234.82 234.86 234.94 234.85 234.83
 235.2  234.98 234.88 235.1  234.69 234.72 235.11 235.64 235.82 235.78
 236.26 236.54 236.64 236.13 236.15 236.8  237.16 237.29 237.84 237.88
 237.91 237.73 237.99 237.78 237.95 238.09 238.12 238.63 238.56 238.64
 238.79 238.78 238.96 239.   239.04 239.18 239.05 239.21 239.57 240.05
 240.35 240.45 240.66 240.78 240.91 240.73 240.52 240.61 240.8  240.74
 241.11 241.22 241.2  241.41 241.45 241.48 241.72 241.75 241.78 241.72
 242.05 242.17 242.09 242.03 241.98 242.27 242.16 242.47 242.41 242.34
 242.22 242.48 242.63 242.78 242.84 242.92 243.02 243.22 243.28 243.27
 243.51 243.29 243.38 243.21 243.14 243.42 243.49 243.55 243.51 243.74
 243.99 244.1  244.15 244.12 244.37 244.55 244.27 244.18 244.41 244.52
 244.31 244.35 244.46 244.3  244.16 244.4  244.68 244.62 244.74 245.
 244.83 244.71 244.86 245.22 245.31 245.45 245.59 245.81 245.81 245.61
 245.82 246.   246.16 246.11 245.93 246.07 245.99 245.86 245.97 245.89
 245.87 245.91 246.04 246.08 246.18 246.23 246.22 246.36 246.09 246.03
 245.89 246.16 246.23 246.41 246.45 246.41 246.54 246.52 246.59 246.5
 246.61 246.7  246.79 246.84 246.91 246.9  247.11 247.2  247.34 247.42
 247.48 247.6  247.6  247.78 247.86 247.73 247.7  247.74 247.9  248.02
 248.   248.17 248.16 248.28 248.32 248.39 248.33 248.25 248.28 248.35
 248.35 248.42 248.25 248.62 248.65 248.6  248.76 248.78 248.82 248.74
 248.62 248.79 248.94 249.11 249.24 249.24 249.24 249.18 249.15 249.25
 249.37 249.54 249.48 249.54 249.68 249.67 249.79 249.86 249.87 249.66
 249.79 249.89 249.89 249.93 250.05 250.05 250.01 250.25 250.18 250.3
 250.53 250.38 250.42 250.36 250.28 250.34 250.41 250.54 250.69 250.76
 250.69 250.79 250.96 250.96 251.03 251.03 251.06 251.04 251.18 251.37
 251.35 251.3  251.27 251.29 251.34 251.29 251.34 251.37 251.3  251.24
 251.33 251.28 251.24 251.24 251.23 251.19 251.3  251.32 251.28 251.42
 251.48 251.62 251.61 251.66 251.68 251.64 251.74 251.75 251.82 251.84
 251.71 251.58 251.48 251.57 251.74 251.72 251.7  251.76 251.73 251.78
 251.77 251.75 251.81 251.94 252.04 251.97 252.02 252.06 252.07 252.11
 252.21 252.15 252.14 252.13 252.05 252.15 252.24 252.23 252.2  252.3
 252.31 252.29 252.07 252.08 252.13 252.11 252.16 252.15 252.26 252.28
 252.28 252.18 252.32 252.37 252.39 252.42 252.52 252.47 252.57 252.47
 252.46 252.45 252.49 252.43 252.5  252.48 252.51 252.53 252.57 252.6
 252.7  252.73 252.72 252.75 252.81 252.73 252.8  252.72 252.68 252.68
 252.72 252.73 252.74 252.8  252.76 252.81 252.8  252.91 252.98 253.01
 253.07 252.97 253.09 253.09 253.06 253.06 253.04 253.03 253.09 253.07
 253.09 253.13 253.13 253.17 253.11 253.09 253.13 253.19 253.29 253.33
 253.34 253.36 253.32 253.31 253.43 253.45 253.49 253.47 253.48 253.49
 253.48 253.49 253.47 253.46 253.46 253.48 253.41 253.49 253.45 253.5
 253.51 253.55 253.53 253.51 253.48 253.51 253.54 253.5  253.51 253.58
 253.56 253.66 253.65 253.67 253.7  253.69 253.65 253.63 253.67 253.69
 253.68 253.7  253.71 253.68 253.73 253.73 253.74 253.72 253.71 253.72
 253.69 253.73 253.81 253.85 253.87 253.87 253.91 253.94 253.94 253.94
 253.99 253.97 253.98 253.97 254.   253.99 254.   254.01 254.06 254.06
 254.12 254.09 254.11 254.11 254.14 254.14 254.16 254.17 254.18 254.24
 254.21 254.2  254.2  254.23 254.28 254.31 254.33 254.32 254.32 254.32
 254.35 254.37 254.39 254.4  254.42 254.37 254.38 254.43 254.38 254.44
 254.49 254.48 254.48 254.49 254.49 254.5  254.41 254.43 254.37 254.35
 254.38 254.37 254.39 254.4  254.41 254.41 254.46 254.47 254.42 254.36
 254.38 254.38 254.42 254.43 254.43 254.44 254.4  254.38 254.38 254.43
 254.46 254.46 254.49 254.4  254.48 254.52 254.52 254.56 254.54 254.56
 254.59 254.64 254.68 254.66 254.68 254.72 254.75 254.76 254.75 254.73
 254.78 254.77 254.77 254.77 254.8  254.78 254.78 254.77 254.78 254.78
 254.78 254.79 254.78 254.81 254.81 254.81 254.79 254.81 254.79 254.8
 254.79 254.79 254.79 254.8  254.8  254.84 254.84 254.81 254.81 254.81
 254.84 254.84 254.86 254.84 254.86 254.87 254.86 254.86 254.82 254.82
 254.82 254.79 254.8  254.81 254.82 254.82 254.83 254.83 254.82 254.83
 254.84 254.87 254.88 254.88 254.88 254.89 254.88 254.89 254.88 254.9
 254.92 254.89 254.88 254.87 254.86 254.88 254.89 254.9  254.91 254.91
 254.9  254.91 254.9  254.89 254.89 254.89 254.89 254.89 254.91 254.92
 254.91 254.92 254.94 254.93 254.93 254.93 254.93 254.93 254.93 254.92
 254.92 254.92 254.92 254.93 254.93 254.94 254.94 254.94 254.92 254.92
 254.93 254.93 254.94 254.95 254.95 254.95 254.95 254.95 254.96 254.96
 254.96 254.97 254.97 254.97 254.97 254.97 254.97 254.97 254.97 254.98
 254.98 254.98 254.98 254.98 254.99 254.99 254.98 254.98 254.99 254.99
 254.99 254.99 254.99 254.99 254.99 255.   255.   255.   255.   255.
 255.   255.   255.   255.   255.   255.   255.   255.   255.   255.
 255.   255.   255.   255.   255.   255.   255.   255.   255.   255.
 255.   255.   255.   255.   255.   255.   255.   255.   255.   255.  ]
GE_last = [120.26 121.25 124.54 130.56 134.55 138.55 138.81 143.17 139.44 142.26
 143.54 151.16 154.66 158.72 159.72 158.44 157.79 163.24 163.32 164.89
 163.29 165.11 165.87 168.29 167.36 167.62 169.41 169.99 170.42 172.61
 173.76 172.26 172.85 171.8  174.81 175.94 175.27 177.31 178.74 179.82
 178.44 178.47 178.68 178.78 179.51 178.38 180.73 180.69 182.19 181.94
 182.13 181.43 181.88 182.22 183.14 184.03 184.65 185.23 185.77 187.46
 187.57 187.69 186.82 186.26 186.26 187.71 188.17 188.9  189.57 189.54
 192.62 192.97 192.67 192.18 192.11 193.66 194.31 194.04 194.07 194.54
 195.11 195.72 197.96 198.99 198.4  198.12 199.17 199.13 199.08 198.39
 198.74 198.61 198.61 198.08 198.6  199.25 198.95 199.36 200.54 202.09
 202.77 203.12 204.03 204.71 205.7  205.42 206.93 206.82 207.75 206.2
 206.27 206.34 205.2  205.48 205.18 205.08 205.98 205.78 205.79 205.8
 206.94 206.68 205.85 205.42 205.9  205.45 205.74 206.3  206.23 205.66
 206.87 207.4  208.05 207.77 208.09 208.77 209.01 209.75 209.9  209.62
 209.85 209.32 208.67 208.52 209.92 209.46 209.78 209.94 209.76 209.31
 209.98 210.15 209.93 210.34 210.72 210.9  211.35 210.8  211.05 210.95
 211.4  210.95 211.02 210.77 211.24 210.57 210.54 210.65 210.94 211.35
 211.33 211.46 211.51 212.38 212.43 212.86 212.24 212.32 212.24 211.95
 212.57 213.22 213.42 213.46 214.08 214.4  214.97 215.49 215.38 215.01
 214.55 214.86 215.17 215.78 215.63 215.57 215.39 216.08 216.43 216.5
 216.58 217.2  216.94 217.27 217.3  217.88 217.5  217.57 217.71 218.07
 217.94 219.16 219.32 219.33 219.88 219.95 219.62 220.27 220.53 220.3
 220.93 221.3  222.24 221.98 222.47 222.7  222.75 222.16 221.81 221.89
 222.26 222.33 222.63 223.4  224.04 224.82 224.69 224.96 225.48 225.89
 226.   226.21 226.06 226.45 226.52 226.78 226.41 226.92 226.87 226.83
 227.26 227.81 228.22 227.91 227.73 227.41 227.59 228.03 228.1  227.99
 228.4  228.35 228.83 229.42 229.52 229.1  228.89 229.35 228.83 229.32
 229.2  228.79 228.65 228.54 229.44 229.06 229.06 228.91 229.27 229.12
 228.95 229.03 229.54 229.9  230.06 229.74 230.35 230.77 230.88 231.33
 231.51 232.13 231.72 232.08 232.34 232.59 232.9  233.37 232.94 233.29
 233.33 233.59 233.73 233.86 234.03 234.24 234.22 234.36 234.45 234.87
 234.85 234.45 234.64 234.88 235.04 235.31 235.46 235.83 236.03 236.01
 236.36 236.69 236.78 236.56 237.4  237.36 237.92 238.26 238.41 238.05
 238.42 238.33 238.33 238.42 238.82 239.05 239.19 239.14 239.27 239.9
 239.95 240.21 240.33 240.35 240.38 240.37 240.27 240.21 239.95 240.03
 240.04 240.75 240.61 240.61 240.76 240.85 240.86 240.66 240.65 240.95
 241.02 240.9  241.16 241.46 241.5  241.73 242.08 242.32 242.12 242.21
 242.38 242.44 242.73 242.7  242.72 242.51 242.47 242.67 242.71 242.79
 242.89 243.08 243.08 243.11 243.28 243.46 243.58 243.67 243.76 243.72
 243.74 243.85 244.14 243.98 243.94 243.97 244.01 244.2  244.2  244.22
 244.26 244.28 244.24 244.29 244.22 244.16 244.36 244.53 244.48 244.42
 244.45 244.61 244.6  244.77 245.11 245.23 245.38 245.58 245.29 245.52
 245.57 245.49 245.53 245.37 245.37 245.48 245.63 245.5  245.47 245.7
 245.46 245.59 245.77 245.77 245.81 246.   246.52 246.71 246.86 246.94
 246.87 246.86 246.83 246.97 247.15 247.26 247.54 247.41 247.4  247.39
 247.2  247.15 247.21 247.22 247.25 247.27 247.24 247.24 247.41 247.7
 247.95 247.81 247.52 247.54 247.57 247.58 247.7  247.8  247.88 247.97
 248.02 247.86 247.83 247.76 247.82 247.83 247.83 247.77 247.81 248.05
 247.91 248.08 248.3  248.32 248.3  248.48 248.79 248.83 248.78 248.78
 248.73 248.75 248.92 249.04 249.05 248.92 248.96 249.02 249.04 249.17
 248.95 248.95 248.98 248.9  249.06 249.22 249.11 249.11 249.24 249.41
 249.38 249.24 249.1  248.99 249.19 249.18 249.22 249.4  249.41 249.38
 249.39 249.38 249.11 249.07 249.08 249.19 249.35 249.26 249.12 249.23
 249.37 249.31 249.49 249.56 249.57 249.61 249.69 249.58 249.64 249.7
 249.72 249.61 249.75 249.7  249.83 249.86 250.01 250.03 249.98 249.9
 249.88 249.78 249.71 249.74 249.71 249.64 249.65 249.88 249.85 249.92
 250.07 250.   250.04 250.01 250.01 250.11 249.96 250.09 250.21 250.21
 250.34 250.27 250.32 250.36 250.45 250.69 250.72 250.81 250.93 250.97
 251.   250.99 251.03 251.06 251.06 251.07 251.11 251.16 251.27 251.28
 251.35 251.36 251.41 251.51 251.51 251.47 251.49 251.41 251.35 251.41
 251.31 251.36 251.45 251.62 251.47 251.54 251.66 251.63 251.7  251.67
 251.67 251.48 251.6  251.78 251.78 251.73 251.78 251.95 251.9  251.94
 252.   252.03 252.04 252.07 252.06 252.17 252.09 252.1  252.1  252.19
 252.19 252.26 252.24 252.2  252.24 252.21 252.16 252.34 252.3  252.39
 252.41 252.41 252.41 252.41 252.42 252.46 252.57 252.56 252.58 252.57
 252.6  252.64 252.68 252.68 252.69 252.66 252.75 252.83 253.01 253.08
 253.07 252.99 253.03 253.13 253.16 253.22 253.21 253.24 253.19 253.26
 253.34 253.28 253.27 253.22 253.31 253.32 253.3  253.32 253.29 253.31
 253.34 253.35 253.28 253.25 253.34 253.34 253.37 253.4  253.35 253.36
 253.38 253.41 253.36 253.44 253.43 253.44 253.42 253.43 253.45 253.44
 253.4  253.37 253.43 253.49 253.51 253.54 253.58 253.58 253.61 253.64
 253.66 253.74 253.68 253.69 253.7  253.69 253.66 253.64 253.66 253.67
 253.7  253.77 253.8  253.81 253.82 253.81 253.8  253.8  253.9  253.97
 253.99 254.01 254.07 254.02 254.03 254.02 253.98 254.02 254.05 254.07
 254.08 254.1  254.12 254.08 254.11 254.14 254.11 254.14 254.11 254.15
 254.15 254.13 254.15 254.14 254.18 254.17 254.19 254.21 254.23 254.22
 254.19 254.16 254.2  254.18 254.2  254.24 254.22 254.25 254.25 254.29
 254.27 254.27 254.3  254.29 254.32 254.34 254.32 254.37 254.4  254.42
 254.46 254.46 254.45 254.45 254.44 254.44 254.47 254.44 254.43 254.45
 254.47 254.46 254.43 254.45 254.46 254.52 254.54 254.55 254.54 254.53
 254.49 254.55 254.55 254.6  254.6  254.58 254.57 254.56 254.58 254.61
 254.58 254.57 254.58 254.63 254.63 254.65 254.65 254.63 254.69 254.7
 254.67 254.63 254.63 254.64 254.64 254.66 254.68 254.71 254.71 254.7
 254.74 254.75 254.73 254.75 254.76 254.74 254.73 254.75 254.75 254.73
 254.74 254.75 254.76 254.76 254.77 254.74 254.73 254.74 254.75 254.73
 254.7  254.71 254.71 254.72 254.71 254.7  254.71 254.72 254.74 254.73
 254.73 254.7  254.72 254.74 254.77 254.74 254.76 254.78 254.78 254.79
 254.79 254.81 254.82 254.79 254.82 254.81 254.77 254.76 254.79 254.81
 254.81 254.82 254.82 254.82 254.81 254.81 254.8  254.81 254.83 254.82
 254.82 254.83 254.79 254.79 254.79 254.78 254.79 254.8  254.77 254.81
 254.81 254.83 254.83 254.84 254.84 254.85 254.87 254.89 254.87 254.88
 254.88 254.89 254.88 254.88 254.87 254.91 254.91 254.92 254.92 254.93
 254.94 254.94 254.94 254.96 254.94 254.93 254.96 254.96 254.96 254.96
 254.96 254.97 254.97 254.97 254.98 254.98 254.98 254.95 254.94 254.95
 254.96 254.96 254.95 254.97 254.97 254.98 254.97 254.96 254.96 254.95
 254.95 254.97 254.97 254.97 254.97 254.98 254.99 254.99 254.99 254.99
 254.99 254.98 254.99 254.99 254.99 254.99 254.99 254.99 254.99 255.
 255.   255.   255.   255.   255.   255.   255.   255.   255.   255.
 255.   255.   255.   255.   255.   255.   255.   255.   255.   255.
 255.   255.   255.   255.   255.   255.   255.   255.   255.   255.  ]

bias = False
nonlinearity = <class 'torch.nn.modules.activation.ReLU'>
dimNodeSignals = [1, 1]
nShiftTaps = [4]
nFilterNodes = [50]
dimLayersMLP = [9]

nFeatureBank = 1
nClasses = 9
k = 4
nLayers = 1
Feature Reduction = True
Class Reduction = True
Used Architecture = MLPConvNet
Edge Function = KNN Correlation
EdgeFn Threshold = 5

Runtime = 355.2264401919674

Prediction = [[0.00010946 0.00011286 0.00011229 ... 0.00011353 0.00010681 0.00011264]
 [0.00011131 0.00011533 0.00011214 ... 0.00011423 0.00011576 0.00010879]
 [0.00011281 0.0001133  0.00010891 ... 0.00011493 0.0001214  0.00010781]
 ...
 [0.0001112  0.00010998 0.00011099 ... 0.00011141 0.00010979 0.00011112]
 [0.00011081 0.00010551 0.00010768 ... 0.00011347 0.00010367 0.00011558]
 [0.0001105  0.00011192 0.00011338 ... 0.00011009 0.00011048 0.00011044]]
costBest = 0.94
costLast = 0.94
GE_best = [122.86 126.13 129.79 126.89 130.68 135.99 133.19 128.15 127.31 133.34
 135.97 135.16 137.99 137.15 139.51 136.97 137.9  136.83 137.1  136.94
 136.67 136.25 135.14 133.48 133.5  132.66 134.9  133.09 131.99 131.55
 134.19 135.14 132.97 132.12 131.1  132.1  132.31 134.66 133.42 133.73
 133.7  132.41 130.5  130.34 131.49 131.31 130.27 129.1  128.63 130.14
 130.64 130.74 130.45 130.8  130.68 129.27 128.9  127.51 127.86 128.32
 127.29 126.67 126.42 125.21 125.03 124.98 124.67 125.2  124.8  125.97
 125.86 126.06 126.32 126.34 126.82 126.13 126.17 126.85 125.99 126.24
 125.55 124.41 125.3  125.49 126.6  126.27 125.47 125.29 124.76 126.31
 126.27 125.67 126.04 125.66 123.97 123.36 121.85 121.66 121.56 120.83
 121.34 120.03 120.95 120.28 120.29 121.35 120.84 120.06 119.13 120.01
 120.75 121.18 121.92 121.84 122.37 123.91 125.47 126.01 125.58 125.03
 124.53 125.25 124.61 124.07 124.71 124.4  124.65 124.45 124.05 122.78
 124.01 124.95 125.79 125.36 125.43 123.9  124.51 126.31 126.11 125.57
 124.95 126.55 126.75 126.91 128.25 128.77 129.19 129.37 129.19 129.38
 129.75 130.39 130.55 130.07 130.76 130.42 130.89 130.82 132.15 131.91
 132.08 131.29 131.84 131.8  132.58 131.91 132.02 131.72 130.78 130.57
 129.83 129.44 129.08 130.25 131.65 131.88 133.09 132.98 133.79 134.01
 134.01 133.42 134.3  134.02 133.76 133.39 133.89 132.95 132.82 133.45
 133.43 133.9  134.39 134.9  134.9  135.91 137.   137.68 137.73 138.04
 137.82 138.13 138.12 138.35 138.12 137.57 138.08 138.05 138.52 138.55
 138.15 138.04 137.52 136.88 136.41 137.25 137.07 136.63 136.9  136.35
 136.59 136.38 135.88 136.03 136.38 135.63 136.4  136.77 137.03 138.1
 137.98 137.94 137.46 138.3  138.3  138.63 138.37 138.18 137.7  138.33
 137.55 137.37 137.47 138.27 138.53 138.45 139.   139.08 139.76 139.92
 140.23 139.7  139.1  138.61 139.13 138.8  139.54 140.13 140.33 140.38
 141.12 140.88 140.62 140.4  140.75 140.47 141.4  141.84 141.45 141.46
 141.68 141.45 140.81 141.04 141.92 141.12 142.03 141.79 141.65 141.38
 141.29 141.61 140.7  140.77 141.23 141.13 141.67 141.31 141.33 142.47
 142.1  142.16 142.08 142.23 143.47 142.87 142.52 142.75 143.39 143.75
 144.58 144.15 144.23 144.15 144.29 144.08 143.96 143.42 142.81 142.47
 142.83 143.36 143.91 144.43 144.36 144.17 144.45 144.77 144.03 144.25
 143.76 144.37 144.03 144.19 144.33 144.03 144.06 144.93 145.87 146.39
 146.42 146.79 146.11 145.89 145.98 146.2  146.1  145.7  145.52 145.7
 145.49 145.65 145.49 144.91 145.09 144.93 143.94 143.95 144.93 144.59
 145.68 146.13 145.98 145.7  145.26 145.41 145.09 144.63 144.57 144.62
 144.93 144.89 145.54 145.7  144.94 145.5  145.49 145.81 146.24 145.84
 146.54 146.41 146.44 146.5  146.94 146.27 146.03 146.4  146.66 146.62
 146.03 146.61 147.03 146.63 146.32 146.23 146.53 146.43 146.37 146.69
 146.51 147.   147.39 147.22 146.63 146.81 147.41 147.3  146.75 146.25
 146.38 145.55 146.13 145.87 145.65 146.23 146.61 146.55 146.53 146.39
 146.49 146.53 146.32 146.16 147.05 147.38 146.83 146.95 147.35 147.17
 146.59 145.89 145.39 144.86 144.37 144.9  145.13 144.28 144.24 144.68
 144.43 144.08 144.35 144.02 143.67 144.25 144.66 144.64 144.3  143.68
 143.63 144.01 144.08 143.6  143.23 143.2  143.33 143.22 144.04 143.64
 144.3  144.27 144.09 144.22 144.34 143.98 144.64 144.8  144.81 144.29
 145.06 145.14 145.42 144.78 144.92 145.61 145.49 145.63 145.54 145.61
 145.89 146.46 147.45 147.71 147.47 147.32 147.33 147.34 146.76 146.29
 146.04 146.11 146.07 145.44 145.6  144.99 144.41 145.14 145.58 145.69
 145.09 144.62 144.91 144.57 144.96 144.77 145.18 145.22 144.71 144.91
 145.01 145.17 145.8  146.46 146.37 146.84 147.44 147.1  146.86 146.77
 147.13 146.75 147.09 147.3  147.29 147.58 147.95 147.7  146.97 147.6
 147.72 148.3  149.04 149.46 148.88 149.63 150.19 150.73 150.58 149.98
 149.98 150.33 150.41 150.06 150.07 149.68 149.73 149.78 149.4  149.27
 149.7  149.48 149.53 149.46 149.17 150.07 149.79 149.26 149.2  148.86
 149.02 149.38 148.8  148.64 148.98 148.74 148.63 148.79 149.43 149.59
 150.08 149.48 149.8  149.93 149.83 150.   149.99 150.37 149.74 149.26
 149.22 149.64 149.06 149.07 149.14 148.43 148.71 148.62 148.83 148.05
 148.16 148.81 148.58 148.45 148.25 148.18 148.01 147.66 148.01 147.78
 147.85 147.78 148.33 148.06 148.67 148.48 149.01 148.58 148.56 148.68
 147.86 147.74 147.68 147.22 147.52 146.99 147.15 147.49 147.33 147.5
 147.44 147.17 147.57 148.3  148.54 148.83 148.81 148.9  149.14 148.99
 149.65 149.54 149.49 149.32 149.35 149.77 149.59 149.71 149.62 149.72
 149.33 149.72 149.97 149.83 150.07 149.86 150.05 150.52 150.62 150.79
 151.22 151.47 151.47 151.31 151.79 152.22 152.39 153.02 152.65 153.39
 152.99 152.57 152.09 152.29 152.84 153.17 152.78 152.64 152.89 152.53
 152.5  152.5  152.79 152.82 152.54 152.36 151.56 151.96 151.69 150.9
 150.78 150.92 150.79 151.25 150.89 152.04 151.94 152.21 151.33 151.85
 152.37 152.85 152.94 152.93 153.09 152.91 153.38 153.51 153.29 153.59
 154.08 153.68 153.22 153.92 154.69 154.88 155.08 155.42 155.13 155.36
 155.6  155.58 155.29 154.99 155.73 155.82 155.75 156.51 156.64 156.33
 156.42 156.08 156.93 157.6  157.67 156.89 156.63 156.64 156.68 156.56
 156.34 155.94 155.86 155.89 156.11 155.86 156.46 156.34 156.19 155.57
 155.37 155.04 155.21 155.53 155.68 155.71 154.86 154.46 155.19 154.99
 154.88 155.74 155.87 155.87 155.71 155.78 155.83 155.78 155.61 155.31
 155.   154.7  154.22 154.04 154.49 154.29 154.02 153.68 154.17 154.85
 154.69 154.96 155.18 155.17 154.74 154.62 154.45 154.45 154.11 154.43
 154.57 154.59 154.16 154.23 153.52 153.31 153.06 152.55 152.92 153.23
 153.5  153.9  154.16 154.39 154.53 154.34 154.7  154.47 155.14 155.62
 154.5  154.56 154.16 154.08 154.18 154.67 154.21 153.32 153.61 153.91
 154.22 154.41 154.47 154.06 154.29 154.64 154.5  154.32 154.59 154.85
 154.85 155.23 155.33 155.   154.98 154.75 154.93 154.92 155.45 155.56
 154.84 154.94 154.62 155.05 154.64 154.25 154.25 154.21 154.05 154.26
 154.   153.99 154.05 153.64 153.36 153.82 153.52 152.85 152.75 152.84
 152.86 152.35 152.21 152.73 152.78 152.69 152.99 152.89 152.72 153.1
 152.68 152.41 152.57 152.79 152.79 152.74 151.93 152.46 152.46 151.76
 151.62 151.76 151.77 152.32 152.36 152.79 152.68 152.48 152.4  152.98
 153.19 152.66 152.64 152.56 152.48 152.24 152.16 152.55 152.78 153.27
 153.36 153.44 152.78 152.98 153.15 153.26 152.84 152.97 152.49 152.5
 152.27 152.61 152.02 152.13 152.14 152.98 152.97 153.26 153.51 153.19
 153.19 153.48 153.77 153.92 153.73 153.32 153.7  153.71 153.74 153.59
 153.97 154.08 154.65 154.65 154.94 154.92 154.91 154.91 155.01 155.2
 155.13 155.19 155.16 155.28 155.55 156.1  155.92 155.6  155.94 155.72
 155.23 155.08 154.79 155.75 155.46 155.15 154.87 154.98 155.07 154.81
 155.07 154.89 154.51 154.42 154.13 154.46 154.79 154.44 154.72 154.76
 154.92 155.22 155.12 155.15 155.01 155.19 154.7  154.58 154.64 154.93
 154.79 154.61 154.86 154.72 154.74 154.65 154.6  154.74 154.13 153.65
 153.77 153.86 153.27 153.38 152.97 152.57 152.63 153.4  152.97 153.1
 153.32 153.35 153.12 153.03 152.85 152.72 152.64 152.79 152.85 153.15
 152.57 152.19 151.95 151.91 151.71 151.6  151.88 152.46 152.34 152.  ]
GE_last = [122.39 125.65 128.62 131.25 133.61 136.44 134.41 132.82 130.34 129.66
 130.49 132.43 138.01 141.6  141.59 145.43 144.14 145.61 142.51 141.76
 139.35 143.71 140.17 139.66 140.24 141.92 141.69 141.32 140.04 138.75
 140.59 140.92 140.9  139.95 143.12 141.02 140.03 138.92 138.94 141.93
 140.8  136.97 136.17 133.24 135.13 134.42 134.07 134.97 136.67 137.21
 136.1  136.33 137.1  135.68 135.2  134.35 135.92 135.61 136.19 137.55
 137.63 136.04 137.37 139.34 138.57 139.7  140.66 141.09 141.11 142.47
 141.06 142.22 142.21 142.01 144.1  142.95 141.82 142.62 143.49 143.65
 144.06 142.87 143.73 145.46 146.23 146.23 144.46 145.2  145.69 144.69
 144.35 144.57 144.64 144.75 144.74 144.28 141.96 142.03 141.97 142.07
 141.03 141.45 142.1  142.   141.96 143.24 141.93 142.27 142.47 141.88
 142.21 142.68 142.88 144.49 142.85 141.85 142.86 143.7  144.   143.96
 143.11 142.76 143.01 142.28 143.26 143.74 143.01 142.59 142.39 143.35
 144.32 144.6  145.78 146.38 145.63 146.44 147.37 146.36 145.68 145.68
 146.32 147.05 147.26 146.4  146.14 146.87 147.5  148.91 148.55 148.85
 149.89 150.18 151.35 151.37 150.89 151.27 152.35 152.6  151.83 152.41
 152.98 153.46 153.69 152.78 153.02 152.18 151.43 150.34 150.54 151.18
 151.9  151.6  151.34 151.49 151.57 150.94 149.4  149.36 148.84 148.92
 148.07 147.96 147.2  147.49 146.92 146.96 146.72 147.33 147.28 147.36
 147.7  148.22 148.68 148.69 149.48 149.69 149.44 150.15 149.65 149.93
 149.34 148.89 149.41 149.51 150.08 149.33 148.89 149.49 148.81 147.98
 147.27 146.31 146.95 148.16 147.83 148.21 147.9  148.31 148.49 148.73
 148.37 150.26 150.51 149.22 148.85 149.6  149.46 150.01 149.99 149.54
 148.56 149.87 149.27 149.45 149.62 149.25 148.   147.52 147.16 147.45
 147.74 148.66 148.94 148.63 149.07 148.85 149.1  149.06 149.17 148.98
 148.75 147.47 147.65 148.7  149.13 149.52 149.43 149.03 147.99 148.15
 147.61 147.96 147.95 147.84 147.28 147.32 147.08 147.6  148.41 148.66
 148.54 149.13 148.79 148.73 147.43 147.18 146.53 146.22 146.26 146.37
 146.3  146.5  146.68 146.91 147.15 147.93 147.36 148.05 147.98 148.17
 148.32 148.07 148.44 149.39 149.31 149.53 149.24 149.5  149.42 150.11
 150.19 150.41 150.5  151.66 151.51 150.97 151.81 153.1  152.41 152.48
 152.38 153.31 152.45 152.4  152.18 152.03 152.59 152.61 152.57 151.83
 151.71 151.68 151.78 151.55 152.09 151.1  151.31 151.28 150.72 150.14
 150.17 149.55 149.79 149.11 149.54 149.76 149.64 149.67 150.08 150.39
 150.85 150.94 150.72 149.69 149.29 149.4  149.64 150.36 151.04 150.62
 150.68 150.45 150.15 150.66 150.91 150.56 150.36 150.85 151.31 151.54
 151.91 151.96 152.31 151.82 152.17 152.16 151.84 152.07 152.15 151.64
 151.56 151.37 151.77 151.15 151.13 150.98 151.15 152.   152.24 153.05
 154.07 153.75 154.32 154.3  154.03 154.29 154.42 154.85 155.02 155.93
 156.09 155.73 155.25 155.8  155.93 155.76 155.87 155.77 155.28 155.45
 154.98 155.11 154.58 154.65 155.26 155.33 155.08 154.33 154.07 153.59
 153.61 153.85 153.39 152.66 152.64 152.12 152.55 153.23 153.7  154.21
 154.19 154.38 154.25 154.87 154.85 154.7  153.93 154.21 155.07 155.02
 154.3  154.66 155.43 155.52 155.02 154.89 155.21 154.85 154.18 153.85
 153.76 153.6  153.4  153.33 152.73 153.04 153.05 152.83 152.88 152.63
 152.46 151.97 151.69 152.35 152.56 152.39 151.8  151.58 152.03 152.02
 152.53 152.39 151.48 151.6  151.56 151.32 151.13 151.77 151.57 151.81
 151.45 151.4  151.42 151.35 151.74 151.87 152.15 152.43 152.42 152.63
 152.62 152.69 152.14 151.57 151.53 151.05 151.21 151.99 152.14 152.53
 153.06 153.29 153.55 153.66 154.13 153.67 153.51 153.26 153.22 152.3
 152.5  152.96 152.64 153.01 152.58 152.24 152.55 152.08 152.08 151.41
 151.28 150.72 150.65 150.36 150.35 151.07 150.82 150.63 150.21 150.85
 151.57 151.77 151.88 151.93 151.41 151.47 152.08 152.46 153.23 152.78
 153.66 153.48 152.91 152.29 151.77 152.03 152.37 152.58 151.93 152.09
 152.19 152.19 152.34 152.13 152.75 152.16 152.12 151.73 151.11 151.43
 151.84 151.93 152.06 152.33 152.31 153.   153.4  154.14 154.55 154.52
 153.96 153.59 153.92 153.96 153.81 153.85 153.08 152.86 152.82 153.41
 152.98 152.44 152.12 152.64 152.32 152.45 152.24 152.41 152.08 152.7
 152.78 152.35 151.99 151.9  151.59 151.28 151.55 152.01 152.52 152.48
 152.   152.04 152.7  152.79 152.55 152.76 152.74 152.78 152.37 152.43
 152.24 151.83 152.41 152.67 152.95 153.04 152.33 151.88 152.14 151.56
 151.45 150.43 150.64 150.88 150.82 150.29 150.54 150.83 150.65 150.2
 150.14 149.31 149.41 149.39 149.6  149.29 149.03 149.56 149.52 149.45
 148.96 149.32 149.01 148.98 148.57 148.45 147.79 147.51 147.77 147.91
 147.55 146.99 146.66 146.48 146.09 145.84 145.81 145.68 145.02 144.86
 144.49 144.73 144.38 144.05 143.53 143.06 143.15 142.62 143.11 142.47
 142.42 142.43 141.9  141.35 141.54 141.2  140.66 140.64 141.09 140.82
 140.74 140.85 140.21 140.02 139.65 140.01 139.82 140.4  140.78 140.7
 141.09 141.32 141.5  141.63 141.88 142.23 141.88 141.31 141.37 141.35
 141.6  141.8  141.89 141.71 141.41 141.76 141.52 142.09 142.11 143.1
 142.98 142.88 143.08 142.6  142.92 142.67 142.21 142.11 142.18 141.96
 142.37 141.92 141.31 141.46 141.32 141.1  141.42 141.83 141.91 141.98
 142.25 142.51 142.7  143.61 143.94 144.13 144.67 144.16 144.52 144.9
 145.35 144.92 145.52 145.53 145.21 146.06 145.74 145.79 146.27 146.
 145.78 146.05 146.1  145.83 146.15 146.17 146.05 146.38 147.12 147.12
 146.23 146.6  145.96 145.9  145.98 146.15 146.55 146.66 146.59 146.39
 146.82 147.18 147.12 147.59 147.37 147.73 147.82 147.48 147.61 147.83
 147.6  147.7  147.59 148.15 147.68 147.94 148.12 147.81 147.43 147.99
 148.38 148.17 147.83 147.93 147.87 148.15 147.96 147.88 147.36 146.84
 147.02 147.37 147.22 147.62 147.8  148.46 148.47 148.92 149.32 148.99
 149.28 149.01 148.8  149.24 149.   149.37 148.68 148.54 148.41 148.43
 148.36 148.78 149.12 149.42 149.7  149.52 149.7  149.78 149.68 149.58
 149.42 148.98 149.67 149.24 149.15 149.61 149.14 149.13 149.1  149.1
 149.63 149.92 149.99 150.34 150.44 150.75 149.86 150.46 149.85 149.62
 149.5  149.45 149.43 149.16 148.95 148.81 148.47 148.53 148.24 148.1
 148.13 148.03 148.3  148.05 147.94 148.27 148.52 148.66 148.16 148.54
 148.61 148.74 148.88 148.89 148.91 149.02 149.02 149.36 149.58 149.45
 150.09 150.22 150.52 150.8  150.15 150.29 150.   150.69 151.17 150.9
 150.51 150.74 150.38 150.66 150.73 150.67 150.84 150.45 149.55 149.63
 149.71 150.14 150.37 150.55 149.92 149.92 149.7  149.43 149.59 149.37
 149.78 149.71 149.13 148.76 148.8  148.98 148.54 148.58 148.53 148.83
 149.02 149.13 149.17 149.12 149.64 149.38 149.48 149.95 150.07 150.76
 150.66 150.91 150.89 150.76 150.84 150.89 150.84 150.73 150.2  150.55
 150.13 150.03 150.33 150.79 150.42 150.46 150.56 150.58 150.33 150.08
 150.17 149.99 150.14 149.88 149.59 149.84 150.21 150.23 149.87 150.19
 150.07 149.81 149.27 149.4  149.99 149.84 149.99 149.66 150.2  149.98
 149.89 150.16 149.99 149.68 149.95 149.86 150.02 149.45 149.44 149.41
 149.29 149.31 149.5  149.53 149.58 149.17 149.56 149.72 149.98 150.01
 150.47 150.06 149.88 150.06 150.33 150.21 150.09 150.32 150.48 150.77
 150.92 151.2  151.05 151.48 151.51 151.62 151.89 152.29 152.28 152.  ]

bias = False
nonlinearity = <class 'torch.nn.modules.activation.ReLU'>
dimNodeSignals = [1, 1]
nShiftTaps = [5]
nFilterNodes = [50]
dimLayersMLP = [9]

nFeatureBank = 1
nClasses = 9
k = 5
nLayers = 1
Feature Reduction = True
Class Reduction = True
Used Architecture = MLPConvNet
Edge Function = KNN Correlation
EdgeFn Threshold = 5

Runtime = 366.93092295411043

Prediction = [[8.51324191e-05 1.87432651e-04 9.04220496e-05 ... 9.82774792e-05
  1.14548989e-04 6.50390470e-05]
 [1.11189826e-04 1.92648987e-04 7.79747972e-05 ... 8.23481515e-05
  9.17922763e-05 7.69319068e-05]
 [1.13026436e-04 2.46205866e-04 7.18569222e-05 ... 8.45648530e-05
  9.12255337e-05 7.55340650e-05]
 ...
 [9.63455048e-05 1.25393629e-04 1.04250204e-04 ... 1.06012703e-04
  1.08031411e-04 9.47463440e-05]
 [6.25756525e-05 3.75077185e-04 9.83179526e-05 ... 1.17415893e-04
  1.16763835e-04 4.84204943e-05]
 [1.07466394e-04 1.09745374e-04 9.79445236e-05 ... 9.39256642e-05
  1.04505576e-04 9.36604378e-05]]
costBest = 0.959
costLast = 0.959
GE_best = [129.41 131.83 133.47 131.62 138.32 133.42 137.62 141.7  144.39 139.82
 137.7  133.89 136.54 138.59 138.86 136.34 140.45 139.12 140.98 138.64
 140.01 138.81 137.17 136.34 135.96 134.96 135.93 137.21 135.18 136.72
 136.71 136.63 137.01 137.56 136.74 135.73 135.42 136.7  133.1  132.21
 131.46 129.47 130.77 130.41 128.73 130.06 131.15 131.4  129.78 129.72
 129.22 130.96 132.2  131.25 130.75 130.38 130.85 131.38 132.24 132.33
 134.13 134.65 135.13 134.49 135.83 136.31 136.54 136.73 136.14 136.76
 137.16 136.98 136.85 135.76 135.89 136.5  135.77 135.2  136.08 136.18
 136.27 136.09 135.46 137.09 137.15 137.98 139.33 139.26 140.95 140.63
 141.9  141.17 141.78 142.94 142.81 142.59 141.61 142.34 141.33 140.96
 142.16 141.96 141.74 142.43 141.7  141.57 140.15 140.55 141.32 141.38
 141.19 140.24 139.48 139.85 140.85 140.38 141.5  142.85 142.16 141.4
 141.4  142.11 142.14 142.5  143.58 145.07 145.93 146.56 145.67 145.43
 145.58 146.12 147.32 146.87 147.29 149.05 147.95 147.49 148.08 148.82
 147.84 148.75 149.92 150.77 150.12 149.91 150.3  149.96 151.55 152.78
 152.13 151.85 152.44 153.48 153.93 154.07 154.42 154.15 155.3  155.51
 156.1  156.7  157.93 158.87 159.32 159.64 159.96 159.85 159.83 160.42
 160.79 161.08 161.46 161.14 160.39 159.49 159.36 159.11 158.07 157.7
 158.16 157.65 158.01 157.15 157.45 156.86 156.47 156.72 156.79 156.73
 156.89 157.15 157.01 157.25 156.49 157.4  156.85 157.55 157.91 158.93
 158.74 159.95 159.08 159.83 160.38 160.35 160.51 161.04 160.81 161.34
 161.   160.89 160.96 160.47 160.33 160.45 161.08 161.75 162.26 162.34
 162.66 162.4  161.61 162.47 162.69 162.83 162.73 163.85 164.69 165.58
 166.4  166.8  167.69 167.04 166.12 165.37 165.27 165.11 164.97 164.79
 165.02 166.07 166.4  165.85 166.12 166.38 166.25 166.39 166.4  166.86
 167.63 167.78 167.77 168.31 168.66 168.06 168.54 168.64 168.89 168.52
 167.13 168.01 167.76 167.98 167.49 167.39 167.87 167.91 168.2  167.74
 166.67 166.02 166.32 166.99 168.17 168.7  167.62 167.68 169.14 169.
 169.88 169.59 170.69 170.69 171.43 171.22 170.58 170.58 170.7  170.56
 170.52 170.38 169.98 170.12 169.96 171.03 171.36 172.   172.21 171.81
 171.66 172.63 172.19 171.36 171.14 171.18 171.43 171.79 171.72 172.02
 172.61 172.86 172.38 171.99 171.92 171.35 171.03 170.36 170.67 170.65
 170.89 170.97 170.96 171.37 171.45 171.01 170.84 171.02 171.02 171.47
 170.83 170.62 170.54 170.87 170.52 169.92 170.19 170.78 171.08 172.14
 172.75 173.26 173.57 173.66 173.77 174.46 174.68 174.72 174.05 174.63
 175.25 175.28 175.36 175.25 174.53 174.03 173.98 173.59 173.96 174.21
 173.81 173.98 174.   173.83 173.89 174.96 175.32 174.84 175.07 175.01
 174.98 175.61 175.59 175.92 175.56 175.59 176.01 175.66 176.4  177.25
 177.2  177.15 176.42 176.4  176.74 177.08 176.38 176.67 177.07 177.06
 177.42 177.83 177.28 177.66 177.07 176.8  176.68 176.65 176.86 176.37
 177.65 177.64 177.29 176.82 176.65 177.02 176.73 176.83 176.67 177.
 176.92 177.4  177.94 177.7  177.35 177.48 178.13 178.49 178.82 178.28
 179.08 179.18 179.1  179.11 179.06 179.56 179.94 179.52 179.97 179.55
 179.83 179.63 180.33 180.95 181.31 181.67 181.42 182.31 182.93 182.58
 182.77 183.69 183.3  183.48 184.13 184.55 184.55 185.01 184.89 184.94
 185.06 184.7  184.72 184.86 184.74 184.89 185.02 185.34 185.69 184.78
 184.67 185.41 185.98 185.92 185.99 185.75 185.7  185.79 185.99 186.15
 185.79 185.48 185.93 186.01 186.   186.73 186.43 186.5  186.52 186.72
 187.35 187.58 187.29 187.65 187.12 187.18 186.94 186.24 186.55 186.62
 187.14 187.05 187.15 187.14 186.77 186.2  186.2  186.29 186.14 185.57
 185.24 185.21 185.03 184.66 183.92 184.55 184.55 184.8  185.44 186.36
 186.28 186.1  185.89 185.91 186.45 186.33 186.63 186.56 186.53 186.57
 187.04 186.8  186.57 186.33 185.49 186.02 185.76 185.84 186.4  185.69
 185.26 185.58 185.67 185.26 185.15 185.28 185.84 186.17 186.57 186.85
 187.29 187.32 187.3  187.73 187.79 187.44 187.2  187.91 188.01 188.36
 189.09 189.27 189.62 189.76 189.94 189.33 189.53 189.86 190.4  190.45
 190.64 190.86 190.77 191.   191.88 191.84 190.96 191.04 191.36 191.46
 191.14 191.63 191.5  191.8  192.02 192.19 192.34 192.78 193.27 193.67
 194.17 194.02 193.59 194.71 194.13 193.37 193.45 193.36 193.76 194.11
 193.85 194.01 194.2  194.   194.27 194.09 193.46 193.19 193.33 192.83
 192.56 192.37 192.45 192.57 192.92 193.03 192.99 193.1  193.36 193.21
 193.17 192.97 193.21 193.02 192.67 192.84 193.63 193.76 194.38 194.72
 194.38 194.83 194.34 194.7  194.15 194.39 195.23 195.45 195.64 195.58
 195.41 195.16 194.88 194.88 195.25 195.35 195.41 195.33 195.32 195.86
 195.59 196.2  195.93 196.34 195.95 195.76 196.31 196.39 196.42 196.64
 197.01 196.66 196.89 197.66 197.61 197.66 197.98 197.43 198.06 197.48
 198.18 198.12 198.06 197.62 197.4  197.54 197.56 197.49 197.39 197.88
 197.53 197.53 197.24 197.65 197.75 198.05 198.6  198.25 199.14 199.13
 198.55 198.7  199.2  199.26 199.78 199.89 200.28 200.76 200.9  200.71
 200.05 199.82 199.38 199.27 199.6  199.3  199.37 199.44 199.5  199.2
 199.23 198.99 199.89 199.83 199.55 200.06 200.09 200.16 200.73 200.66
 201.18 201.07 201.75 201.59 201.55 201.98 202.2  202.   202.46 202.59
 202.19 202.1  202.09 201.57 202.01 201.9  202.13 202.25 202.48 202.61
 202.43 202.79 202.86 202.71 202.99 203.   203.13 203.01 203.48 203.38
 202.84 203.17 203.11 203.22 203.68 203.68 203.82 203.62 203.2  203.09
 203.22 203.44 203.78 203.76 203.66 203.78 203.82 204.02 204.14 203.87
 203.41 203.84 203.86 204.11 204.6  204.47 204.63 205.08 205.38 205.23
 204.73 204.84 204.89 205.44 205.55 205.5  205.4  205.24 205.04 205.11
 205.28 204.84 205.04 205.43 205.56 205.72 205.94 205.52 205.29 205.68
 205.81 206.2  205.65 205.74 205.61 205.63 206.1  206.5  206.22 206.2
 205.76 205.97 206.54 206.62 206.2  206.55 206.73 206.76 207.14 207.21
 207.22 207.14 207.34 207.01 207.13 206.75 206.73 206.74 206.39 206.24
 206.48 206.72 207.13 207.38 207.05 207.07 207.33 207.62 207.56 207.31
 207.34 207.16 207.2  207.22 207.15 206.95 206.87 206.76 206.71 206.93
 206.83 206.82 207.01 207.12 207.02 206.78 206.78 207.01 206.8  206.68
 206.86 206.81 206.75 207.04 206.74 206.55 206.58 207.37 207.66 207.64
 207.9  207.9  207.87 207.64 207.73 208.08 208.28 208.03 207.9  207.72
 207.46 207.42 207.95 207.91 207.68 207.5  207.54 207.66 207.79 207.89
 207.53 207.4  207.28 207.14 207.33 207.23 207.24 207.34 207.66 207.49
 207.76 208.04 208.19 208.09 207.8  207.8  207.8  208.02 208.11 208.12
 208.   208.15 207.93 207.75 208.33 208.08 208.41 208.18 208.69 208.7
 208.85 208.84 208.43 208.15 208.03 207.9  208.   208.15 208.39 207.96
 207.84 208.07 207.69 207.53 207.82 207.82 207.89 208.22 207.97 208.14
 208.66 208.69 208.53 208.79 209.14 209.28 208.87 208.57 208.8  208.88
 208.85 208.99 209.09 209.2  209.01 209.24 209.63 209.54 209.62 209.5
 209.76 209.67 209.43 209.26 209.54 209.76 209.91 209.99 209.7  210.
 210.06 210.28 210.23 210.52 211.04 210.8  210.67 210.69 210.78 210.99
 211.02 211.15 210.8  210.85 211.07 211.28 211.63 211.64 211.84 212.
 211.94 212.08 212.09 212.41 212.27 212.37 212.59 212.9  212.59 212.59
 212.82 212.56 212.69 213.14 213.1  213.32 213.41 213.84 214.15 215.  ]
GE_last = [128.49 129.13 127.74 129.62 135.21 138.37 140.03 136.94 138.   136.08
 136.4  137.89 137.17 136.41 136.02 139.2  141.92 146.11 147.68 147.62
 149.13 149.6  149.59 146.68 147.25 148.94 151.09 148.82 148.09 148.07
 145.88 147.47 147.16 146.7  147.7  149.24 147.63 145.08 143.06 142.3
 143.53 143.44 142.79 142.62 141.64 143.02 142.55 142.91 141.81 142.6
 144.04 143.78 144.12 141.12 140.7  139.22 141.5  141.8  140.91 141.03
 141.68 141.96 142.43 142.96 143.01 140.57 141.8  143.35 144.02 145.22
 144.63 146.19 145.75 144.78 145.44 145.45 145.22 145.34 146.68 145.88
 147.   149.31 149.88 150.55 150.12 149.13 149.13 149.17 147.99 149.32
 150.92 152.15 153.16 153.03 154.37 154.29 153.97 152.06 152.   152.76
 153.55 154.87 154.91 155.77 154.36 154.85 154.4  153.54 152.57 153.37
 152.53 151.22 152.67 153.59 153.64 154.04 154.83 155.64 155.09 156.21
 156.81 157.22 157.8  157.39 157.55 157.63 158.41 157.87 158.93 158.47
 158.64 159.7  158.08 157.54 158.46 157.37 157.85 158.15 157.31 156.73
 157.93 158.21 157.84 158.02 158.31 158.55 158.02 158.74 159.46 159.83
 160.   160.06 160.09 158.9  157.59 158.3  158.24 157.52 158.61 159.05
 158.39 159.43 160.18 159.9  159.78 160.08 160.46 161.39 161.29 161.47
 161.88 163.54 161.97 161.56 162.09 161.64 161.89 161.   162.23 161.29
 161.37 160.89 161.45 162.02 162.61 162.73 162.64 162.58 162.72 162.64
 162.21 162.23 161.96 162.01 161.35 160.61 160.91 159.75 160.   160.28
 160.8  160.33 159.06 159.77 159.77 159.58 159.14 160.05 160.32 160.75
 160.87 160.01 160.06 160.15 160.02 159.25 159.68 159.94 160.15 160.53
 160.78 161.12 162.84 162.8  163.01 163.06 163.08 163.38 163.08 163.45
 162.98 164.01 164.11 164.75 164.07 163.66 164.13 164.25 164.12 164.52
 164.83 164.05 165.   164.97 165.93 166.38 166.76 166.85 166.5  165.8
 166.03 166.   165.64 166.02 166.68 166.74 166.9  167.3  168.67 168.47
 167.63 168.67 168.9  168.72 169.26 169.48 169.19 168.14 168.72 169.52
 170.02 169.89 169.92 169.08 169.09 168.63 168.94 168.58 169.76 171.14
 171.4  171.69 171.41 171.31 172.55 173.   173.44 173.87 174.05 173.94
 174.53 174.82 174.58 174.01 174.33 173.46 173.8  174.1  173.91 173.93
 173.71 173.62 173.93 173.65 173.59 174.18 173.58 173.4  173.53 173.92
 174.61 175.19 175.84 176.49 175.74 176.24 175.97 175.48 175.4  175.24
 175.87 175.99 175.42 175.01 174.8  174.88 175.65 176.23 176.5  176.91
 176.87 176.95 177.68 178.19 178.81 179.18 179.57 179.39 179.07 179.45
 179.35 180.22 179.98 179.43 179.2  179.77 179.85 179.25 179.43 178.52
 179.23 179.03 179.51 179.83 180.02 180.26 180.72 180.81 180.25 180.32
 180.2  180.15 180.15 179.28 178.73 178.78 178.93 180.09 180.16 180.01
 179.94 180.35 180.88 180.77 180.72 180.33 179.96 179.82 179.73 179.41
 179.95 180.69 180.71 180.68 180.68 180.83 180.6  180.42 180.13 180.03
 180.16 180.19 180.03 180.59 180.62 180.44 180.51 180.15 180.57 181.52
 181.77 181.69 180.58 180.66 181.14 181.19 181.53 181.28 181.6  181.68
 181.81 181.65 182.06 182.4  183.1  183.74 183.54 183.7  183.82 184.06
 184.2  184.3  184.56 184.99 185.4  185.91 186.49 185.64 185.54 185.65
 186.35 186.54 185.9  185.96 185.66 185.87 185.63 185.96 185.81 185.5
 184.73 185.65 186.1  185.8  186.11 186.26 185.62 185.68 186.25 186.13
 185.61 185.13 185.24 185.26 184.58 184.19 184.23 184.54 184.29 184.54
 184.1  184.35 184.82 183.86 183.31 183.13 183.63 184.59 184.83 184.81
 184.65 184.84 184.14 183.9  183.24 182.99 183.4  183.92 184.6  185.19
 185.18 184.97 185.24 184.82 184.78 185.15 185.38 186.16 186.55 186.55
 186.57 186.5  186.3  186.25 186.51 186.55 186.61 186.49 186.1  186.03
 185.97 186.99 186.18 186.13 186.2  186.32 185.7  185.77 185.88 186.43
 185.78 185.9  185.49 185.97 185.59 185.29 185.22 185.11 185.32 185.56
 186.06 186.03 186.63 186.91 186.27 186.82 186.72 186.7  186.65 186.91
 187.51 187.23 187.18 186.3  186.55 186.57 186.66 186.29 186.56 186.67
 187.07 186.84 187.3  187.78 187.94 188.05 187.94 187.94 188.04 187.73
 187.86 187.84 188.58 188.6  188.85 189.21 188.43 188.02 188.06 188.73
 189.07 189.8  189.44 189.3  189.01 188.87 188.95 189.85 189.9  189.82
 190.56 190.25 190.42 190.03 190.6  190.89 191.11 191.45 191.37 192.34
 192.23 192.75 192.91 192.78 193.71 193.74 193.99 193.79 194.23 194.41
 194.68 194.25 194.67 194.28 194.49 194.77 195.34 195.98 195.89 195.85
 195.52 195.69 195.89 196.09 196.34 196.77 197.15 197.16 197.82 197.97
 197.98 198.2  198.29 198.07 198.42 198.33 198.15 198.31 198.79 198.73
 198.92 198.64 199.3  199.61 200.03 200.21 200.45 200.47 200.48 199.94
 199.7  199.76 199.9  200.06 200.21 199.93 199.88 200.52 201.01 201.06
 201.29 200.91 201.22 200.88 201.02 200.37 200.6  200.46 201.01 200.85
 200.82 200.89 200.87 201.29 201.15 200.91 201.44 201.79 201.95 201.58
 201.32 200.8  200.92 201.26 201.31 201.43 201.44 201.27 201.64 201.67
 201.86 201.88 201.83 202.2  201.79 201.27 201.4  201.76 201.26 201.21
 201.19 200.86 200.68 200.48 200.99 201.33 201.   201.59 201.38 201.5
 201.88 201.62 201.69 202.23 202.08 202.04 202.24 202.17 201.6  201.6
 201.56 201.72 201.06 200.77 200.72 200.73 200.45 200.47 200.9  201.08
 201.15 200.7  200.96 201.41 201.63 201.12 201.39 201.21 201.19 201.16
 201.19 200.81 200.41 200.79 200.95 201.4  201.47 201.67 201.61 201.71
 202.23 201.85 201.62 202.22 201.79 201.66 201.98 202.4  203.56 203.33
 203.09 203.56 203.77 203.43 203.7  204.12 203.88 204.37 204.58 204.4
 204.68 204.78 204.94 205.   204.72 204.73 204.65 204.68 204.81 204.54
 205.04 205.11 205.25 205.16 205.45 205.16 205.21 205.24 205.02 204.63
 204.98 205.1  205.24 205.6  205.59 205.95 206.31 206.39 206.45 206.72
 206.42 206.56 206.52 206.61 206.42 206.36 207.11 207.25 206.9  207.11
 206.76 206.94 206.51 206.24 206.64 206.68 206.05 206.44 206.38 206.43
 206.6  206.33 206.28 206.36 206.57 206.57 206.78 206.98 206.96 207.1
 207.02 207.07 207.01 206.94 207.1  206.83 206.81 206.8  206.92 207.08
 207.34 207.09 206.75 207.1  207.29 207.39 207.23 207.15 207.33 207.58
 207.26 207.22 207.08 207.32 207.07 206.61 206.48 207.01 206.89 207.19
 207.28 206.61 206.23 206.42 206.85 207.25 207.85 207.42 207.61 207.42
 207.39 207.83 207.98 208.45 208.2  208.29 208.34 208.2  208.27 208.33
 207.92 207.72 207.78 208.05 207.95 207.8  207.97 207.72 207.78 207.73
 207.99 208.24 208.17 208.05 207.92 208.03 208.07 208.09 208.16 208.12
 208.16 208.67 208.57 208.67 208.74 208.77 208.86 209.01 208.9  208.9
 209.04 209.58 209.37 209.59 209.28 209.3  209.   209.   208.99 208.87
 209.15 209.1  208.85 208.86 208.83 209.   209.48 209.51 209.24 209.21
 208.96 209.16 209.13 209.   209.46 208.9  209.02 209.1  209.12 209.36
 209.26 209.24 209.46 209.54 209.44 209.84 210.47 210.38 210.4  210.42
 210.49 210.39 210.75 210.77 210.89 211.19 211.07 211.06 210.68 211.01
 210.86 210.49 210.07 210.4  210.37 210.54 210.96 211.12 211.39 211.44
 211.52 211.88 211.88 211.99 211.69 211.74 211.94 212.05 211.96 211.86
 212.02 212.23 212.49 212.46 212.37 212.34 212.27 212.51 212.87 212.99
 212.87 212.68 212.7  212.72 213.01 212.85 213.56 213.61 213.19 213.51
 213.47 213.07 213.51 212.84 212.8  212.8  213.15 213.24 213.55 213.53
 213.22 213.27 213.16 213.3  213.25 213.41 213.53 213.93 214.36 215.  ]

bias = False
nonlinearity = <class 'torch.nn.modules.activation.ReLU'>
dimNodeSignals = [1, 1, 1]
nShiftTaps = [1, 1]
nFilterNodes = [50, 50]
dimLayersMLP = [9]

