2020/11/02 14:50:53

nTrain = 0
nValid = 0
nTest = 1000
nEpochs = 500
batchSize = 200
validationInterval = 100

lossFunction = <class 'torch.nn.modules.loss.CrossEntropyLoss'>
OptimAlg = ADAM
learningRate = 0.001
beta1 = 0.9
beta2 = 0.999
device = cpu

bias = False
nonlinearity = <class 'torch.nn.modules.activation.ReLU'>
dimNodeSignals = [1, 1]
nShiftTaps = [5]
nFilterNodes = [50]
dimLayersMLP = [9]

nFeatureBank = 1
nClasses = 9
k = 5
nLayers = 1
Feature Reduction = True
Class Reduction = True
Used Architecture = ConvNet
Edge Function = KNN Correlation
EdgeFn Threshold = 5

Runtime = 81.6213767459999

Prediction = [[0.00080701 0.00076227 0.00111697 0.00132008 0.00224724 0.00085785
  0.00071163 0.00119491 0.00143275]
 [0.00099183 0.00100511 0.00144841 0.00098324 0.00126658 0.00122512
  0.00115889 0.00075467 0.00089045]
 [0.00105225 0.00096287 0.00092471 0.0005924  0.00144566 0.00108944
  0.00112373 0.00074647 0.00079376]
 [0.00048619 0.00105802 0.00134514 0.00075644 0.0047336  0.00190291
  0.00056272 0.0004486  0.00077784]
 [0.00069748 0.00098376 0.00108598 0.00094728 0.002334   0.00124337
  0.00069363 0.00077585 0.00102804]
 [0.00077058 0.00129116 0.00172287 0.00115999 0.0020156  0.00082329
  0.00107967 0.00117741 0.00118145]
 [0.00085856 0.00100999 0.00129645 0.00089415 0.00159918 0.00137494
  0.0009208  0.00077084 0.00085185]
 [0.00089063 0.0010371  0.00119202 0.00102333 0.00137817 0.00119047
  0.00099294 0.00079539 0.00089986]
 [0.00070178 0.00103405 0.00182925 0.0011532  0.00270294 0.00127613
  0.00097223 0.00068467 0.00096645]
 [0.0009487  0.00101951 0.00121968 0.00092627 0.00129933 0.00119318
  0.00109226 0.00076005 0.00088111]
 [0.00103299 0.00105582 0.00115432 0.00088433 0.00143433 0.00088089
  0.00117869 0.0009795  0.00095056]
 [0.00069705 0.00133443 0.0021942  0.00122833 0.0024637  0.00086544
  0.00128938 0.00086281 0.00104568]
 [0.00094356 0.00104949 0.00122028 0.00097616 0.00125597 0.00093852
  0.00103182 0.00106032 0.0009767 ]
 [0.00102981 0.00101932 0.00104435 0.00098971 0.00103447 0.00101314
  0.00100596 0.00104495 0.00102039]
 [0.0010254  0.0010254  0.0010254  0.0010254  0.0010254  0.0010254
  0.0010254  0.0010254  0.0010254 ]
 [0.00090359 0.00103765 0.00091472 0.00061986 0.00177809 0.00125542
  0.00086914 0.00074493 0.0007655 ]
 [0.00082568 0.0012442  0.00147515 0.00112014 0.0015696  0.00087952
  0.00108172 0.00112005 0.00114848]
 [0.00091021 0.00112392 0.00131252 0.00104947 0.00130455 0.00093204
  0.0010924  0.00110893 0.00105025]
 [0.00077893 0.00108491 0.00102929 0.00086981 0.00165135 0.00131916
  0.00081695 0.00076853 0.00086524]
 [0.00075679 0.0009161  0.00164412 0.00069625 0.00258479 0.00176981
  0.00068588 0.00071935 0.00090914]
 [0.00082194 0.00093978 0.00085555 0.00098766 0.00188821 0.00104078
  0.00080543 0.0008702  0.00110784]
 [0.00096997 0.00091445 0.00106692 0.00100312 0.00138443 0.00117798
  0.00081955 0.00116903 0.00119259]
 [0.00094888 0.00102174 0.00103055 0.00090753 0.00119657 0.0010624
  0.00093558 0.00102376 0.0009854 ]
 [0.00070799 0.00148989 0.00193207 0.00124345 0.00225329 0.00078491
  0.00107841 0.0012184  0.00145684]
 [0.00107628 0.00099179 0.00095464 0.00091731 0.00103086 0.00099471
  0.00108373 0.00100416 0.00098764]
 [0.00092627 0.0009882  0.00121931 0.00117125 0.00153575 0.00108004
  0.00089183 0.0012671  0.00131137]
 [0.00062482 0.00163975 0.00258052 0.00125324 0.00315183 0.00070395
  0.00108627 0.001338   0.00149006]
 [0.00088162 0.00116934 0.00146467 0.00108967 0.0016072  0.00095863
  0.00096902 0.00126098 0.00125116]
 [0.0008859  0.00103588 0.00134436 0.00121275 0.001699   0.00104247
  0.00094599 0.0012771  0.00124127]
 [0.00102675 0.00102421 0.00103662 0.00101041 0.00102456 0.00102126
  0.00101555 0.00103615 0.00102295]
 [0.00111133 0.00090195 0.00098803 0.00116618 0.00125686 0.00083074
  0.00112814 0.00107424 0.00101613]
 [0.00089196 0.00105091 0.00120079 0.00091742 0.00138287 0.00123747
  0.00096806 0.000798   0.0008947 ]
 [0.00104592 0.00096402 0.00109761 0.00090425 0.00110665 0.00102567
  0.00094071 0.00112812 0.00099835]
 [0.0007727  0.00127027 0.00172667 0.00114319 0.00189674 0.00085664
  0.00115687 0.00104016 0.00111279]
 [0.0007191  0.00144102 0.00198407 0.0011649  0.00227032 0.00077064
  0.001069   0.00123037 0.00133334]
 [0.00099879 0.00102743 0.00104911 0.00101427 0.00107552 0.00106245
  0.00101326 0.00095517 0.00099221]
 [0.00099232 0.00089541 0.00115928 0.00111429 0.00142019 0.00086477
  0.0009015  0.00115659 0.00110863]
 [0.0008244  0.0010926  0.00143991 0.00071626 0.00179417 0.00095657
  0.00083816 0.0011595  0.00098458]
 [0.00079325 0.0010478  0.00116655 0.0008539  0.00182775 0.00135598
  0.00093367 0.00065263 0.0007983 ]
 [0.00092431 0.00103734 0.00101411 0.000861   0.0012678  0.00108046
  0.00086571 0.00102286 0.00096377]
 [0.00084804 0.00100234 0.00137347 0.00092968 0.00167774 0.0011979
  0.00094807 0.00081725 0.00090674]
 [0.00082295 0.00096261 0.00142556 0.0013415  0.0020072  0.00099522
  0.00101347 0.00082451 0.00101003]
 [0.00067954 0.00125972 0.00156158 0.00084567 0.00234953 0.00096002
  0.00082374 0.00105828 0.0010359 ]
 [0.00054316 0.00109495 0.00101833 0.00064459 0.00348602 0.00132251
  0.00049292 0.00083859 0.0009322 ]
 [0.00081483 0.00124074 0.00154852 0.00111614 0.00172883 0.00088448
  0.0010216  0.00119767 0.0012408 ]
 [0.00075963 0.00097557 0.00120996 0.00105008 0.00196989 0.00138156
  0.00083631 0.00074553 0.00093745]
 [0.00077359 0.00089905 0.00104476 0.0010049  0.00219899 0.00098413
  0.00071507 0.00109024 0.00118598]
 [0.00087482 0.00103484 0.00122114 0.00090617 0.00149279 0.0012373
  0.00098044 0.00075959 0.00090371]
 [0.00102954 0.00101905 0.00106656 0.00099057 0.00102533 0.00101431
  0.00102615 0.00106151 0.00101765]
 [0.00107887 0.00101333 0.00099397 0.00095635 0.00104211 0.00097287
  0.00107238 0.0010435  0.00110827]
 [0.00097659 0.00102004 0.00103114 0.00094369 0.0011395  0.00104595
  0.00096483 0.00102272 0.0009982 ]
 [0.00075379 0.00120177 0.00167572 0.0010528  0.00196687 0.00090771
  0.00109627 0.0009561  0.00098938]
 [0.00083075 0.0012674  0.00156791 0.00111676 0.00170282 0.0008952
  0.00101865 0.00121155 0.00127307]
 [0.00073081 0.00131901 0.00168323 0.00126204 0.00200585 0.00079052
  0.00116616 0.00107306 0.00115669]
 [0.00069573 0.00111821 0.00111094 0.00078468 0.00204776 0.00149709
  0.00074237 0.00065944 0.00078248]
 [0.00079163 0.00093758 0.00127129 0.00119028 0.00198675 0.00115747
  0.00085342 0.00076628 0.00114226]
 [0.00052464 0.00091557 0.00075942 0.00084096 0.00392785 0.00122448
  0.00041235 0.00097614 0.00129469]
 [0.00077977 0.00103368 0.00102001 0.00086894 0.00180201 0.00117489
  0.00075241 0.00089563 0.00091983]
 [0.00086963 0.00103917 0.00095734 0.00086993 0.00136555 0.00112573
  0.00086966 0.00099929 0.00096057]
 [0.00088473 0.00105778 0.00121762 0.00088721 0.00145279 0.00121204
  0.0009485  0.00081114 0.00086911]
 [0.00093048 0.00098995 0.00089275 0.00091191 0.00137384 0.0010466
  0.00093563 0.00092037 0.00101365]
 [0.00101792 0.00103123 0.00105473 0.00101697 0.00105943 0.00104081
  0.00104449 0.001007   0.00101599]
 [0.00070066 0.0014326  0.00190482 0.00131958 0.00241355 0.00079198
  0.00111656 0.00118663 0.00136885]
 [0.00094186 0.00100495 0.00097173 0.00111026 0.00126754 0.00100699
  0.0009498  0.00099252 0.0010536 ]
 [0.00070272 0.00142529 0.0022798  0.00132295 0.00301788 0.00090721
  0.00095723 0.00159585 0.00164681]
 [0.00087718 0.00099867 0.00098507 0.00091439 0.00143027 0.00107045
  0.00082944 0.00102411 0.0010591 ]
 [0.00101042 0.00096473 0.00110708 0.00108763 0.00119559 0.00112382
  0.00102329 0.00107154 0.00100877]
 [0.00068614 0.00099414 0.00127058 0.00096306 0.00245476 0.00143648
  0.00076376 0.00062079 0.00095031]
 [0.000726   0.0013843  0.00176686 0.0012424  0.00204502 0.00079978
  0.00112462 0.00114056 0.00127527]
 [0.00098119 0.00113432 0.00151871 0.00083322 0.00192994 0.00072075
  0.00179478 0.00081308 0.00091645]
 [0.00073175 0.00087839 0.00135865 0.00108876 0.00230691 0.00157048
  0.0007942  0.00071596 0.00097812]
 [0.0008807  0.00105565 0.00095084 0.00089229 0.00132772 0.00111718
  0.00084831 0.0009829  0.00096172]
 [0.00067264 0.00092141 0.0010507  0.00112422 0.00275989 0.00113175
  0.00067343 0.00082635 0.00109038]
 [0.00103409 0.00101372 0.00106508 0.00095084 0.0010492  0.00100688
  0.00098883 0.00106258 0.00100963]
 [0.00099615 0.00099567 0.00102143 0.00106764 0.00117804 0.00097056
  0.00098521 0.00105987 0.00116364]
 [0.00098453 0.00103707 0.00106798 0.00105439 0.00107532 0.00100276
  0.00104402 0.00102444 0.00101645]
 [0.00107855 0.0009798  0.00105394 0.0009433  0.00104816 0.00103877
  0.0011441  0.00096852 0.00098528]
 [0.00080963 0.00122565 0.00147424 0.0012036  0.00174552 0.00086598
  0.00111546 0.00107818 0.00112743]
 [0.00107982 0.00099405 0.00094897 0.00090142 0.00103683 0.00099709
  0.00109566 0.00100823 0.00099802]
 [0.00089262 0.00101317 0.00133542 0.00111466 0.00151918 0.00095234
  0.00102139 0.00097841 0.00108276]
 [0.00082794 0.00116025 0.00140835 0.00111437 0.00157222 0.00096946
  0.00110257 0.0009188  0.00100315]
 [0.00104462 0.00110127 0.00115454 0.00097374 0.00128465 0.00087887
  0.00119548 0.0010264  0.00100857]
 [0.00075166 0.00134847 0.00166945 0.00123418 0.00195571 0.00081155
  0.00111687 0.00111469 0.00125431]
 [0.00104859 0.00112922 0.0012038  0.00093466 0.00131977 0.00084881
  0.00123467 0.0010703  0.00107204]
 [0.00092083 0.00097694 0.00097349 0.00098156 0.00142717 0.00103395
  0.000898   0.00095248 0.00106021]
 [0.0006851  0.00138716 0.00213412 0.00137796 0.00299923 0.00087013
  0.00104649 0.0014156  0.00141326]
 [0.00085952 0.00116485 0.00133567 0.00112093 0.00143425 0.00089824
  0.0011001  0.0010562  0.00106598]
 [0.00093402 0.00086413 0.00155101 0.00092861 0.00182185 0.00163636
  0.0009387  0.00073061 0.00094859]
 [0.00092861 0.0010385  0.0012254  0.00087441 0.00135667 0.00113696
  0.00096513 0.00088722 0.00089583]
 [0.00099307 0.00100979 0.00107694 0.00088987 0.0011479  0.00103016
  0.00094669 0.00105137 0.00098835]
 [0.00104774 0.00100431 0.00100401 0.00099451 0.0009976  0.00100315
  0.00106166 0.00102639 0.00102179]
 [0.00077772 0.00095191 0.00144623 0.00082876 0.00204678 0.001464
  0.00080315 0.00070149 0.00093663]
 [0.00097132 0.00099493 0.0012698  0.00106727 0.00130982 0.00107194
  0.00107816 0.00086588 0.00099606]
 [0.00094272 0.00108613 0.00122486 0.00106653 0.00133135 0.00097365
  0.00100828 0.00112114 0.00110992]
 [0.00104079 0.00099851 0.00108624 0.00090964 0.00105926 0.00099044
  0.00096082 0.00108891 0.00099522]
 [0.00097573 0.00090902 0.00104118 0.00101092 0.00123205 0.00111044
  0.0009026  0.00111283 0.00106794]
 [0.00088538 0.00105948 0.0011491  0.00090677 0.00140014 0.00120409
  0.00093405 0.00082525 0.00089144]
 [0.00080011 0.0009769  0.00095922 0.00058368 0.00251342 0.00138178
  0.00096934 0.00050603 0.00071999]
 [0.00084223 0.00110017 0.00136495 0.00107394 0.0015163  0.00100686
  0.00110098 0.00088217 0.00092442]
 [0.00108389 0.00101008 0.00098834 0.00096964 0.00100283 0.00100026
  0.00107751 0.00101697 0.00100723]]
costBest = 0.75
costLast = 0.75
GE_best = [127.25 146.46 147.65 144.41 144.28 141.94 138.11 137.91 138.99 135.61
 139.52 140.16 141.4  141.81 140.49 138.88 139.8  138.13 137.78 137.92
 136.11 132.78 131.54 133.77 135.38 134.38 135.09 135.49 139.34 137.01
 133.16 132.15 132.67 133.03 133.79 135.42 135.9  134.77 134.41 136.69
 137.33 137.1  136.83 138.01 137.18 135.52 136.33 134.67 134.28 134.22
 135.55 135.05 136.89 137.5  138.08 139.32 139.63 140.35 140.04 139.76
 141.5  142.41 141.59 141.5  141.71 142.88 144.82 145.12 145.45 145.93
 145.22 146.55 146.54 146.98 147.91 147.58 147.46 147.01 146.41 146.2
 146.43 145.92 146.7  146.56 146.73 146.01 146.01 146.78 144.82 145.11
 144.37 145.18 146.12 145.12 145.16 145.18 145.23 145.67 146.2  146.35]
GE_last = [125.99 132.11 130.85 134.64 125.9  118.95 124.24 123.74 124.68 128.74
 128.92 128.93 131.89 133.31 132.32 132.08 131.04 132.1  132.29 133.33
 135.57 137.34 134.44 133.35 130.58 130.19 129.34 130.8  131.47 132.78
 134.22 136.84 138.69 139.8  139.13 138.4  140.08 139.54 137.72 139.94
 140.32 138.82 137.96 138.34 138.24 139.14 139.15 138.96 139.1  137.92
 138.92 138.66 138.19 138.99 140.73 141.76 140.13 140.13 140.59 140.9
 141.74 141.12 141.44 141.37 139.99 139.34 139.57 139.48 140.69 140.37
 141.48 141.04 142.1  142.88 143.2  141.81 141.09 140.63 139.78 140.36
 139.98 138.96 136.75 135.56 135.33 134.91 134.31 135.56 133.74 135.18
 135.59 134.13 134.73 134.95 135.38 136.19 137.69 137.44 138.42 138.41]

