2020/10/28 16:22:30

nTrain = 0
nValid = 0
nTest = 1000
nEpochs = 200
batchSize = 200
validationInterval = 1000

lossFunction = <class 'torch.nn.modules.loss.CrossEntropyLoss'>
OptimAlg = ADAM
learningRate = 0.001
beta1 = 0.9
beta2 = 0.999
device = cpu

bias = False
nonlinearity = <class 'torch.nn.modules.activation.ReLU'>
dimNodeSignals = [1, 1]
nShiftTaps = [1]
nFilterNodes = [50]
dimLayersMLP = [9]

nFeatureBank = 1
nClasses = 9
k = 1
nLayers = 1
Feature Reduction = True
Class Reduction = True
Used Architecture = GCATNet
Edge Function = KNN Correlation
EdgeFn Threshold = 5

Runtime = 176.9212330209557

Prediction = [[0.00011112 0.00011111 0.00011112 ... 0.00011112 0.00011111 0.0001111 ]
 [0.00011112 0.00011111 0.00011112 ... 0.00011112 0.00011111 0.0001111 ]
 [0.00011112 0.00011111 0.00011112 ... 0.00011112 0.00011111 0.00011109]
 ...
 [0.00011111 0.00011111 0.00011111 ... 0.00011111 0.00011111 0.00011111]
 [0.00011112 0.00011112 0.00011111 ... 0.00011112 0.00011112 0.00011111]
 [0.00011111 0.00011111 0.00011111 ... 0.00011111 0.00011111 0.00011111]]
costBest = 0.927
costLast = 0.927
GE_best = [131.92 127.31 129.13 122.45 129.64 129.51 131.42 131.95 130.44 133.64
 134.88 135.18 134.33 136.62 138.56 135.9  133.07 133.24 132.14 131.24
 130.79 132.25 132.03 133.13 134.12 134.11 138.87 139.36 142.3  143.95
 144.17 142.7  142.8  146.06 145.83 146.31 146.05 147.05 149.63 148.76
 150.17 150.58 150.26 151.99 151.86 151.26 153.73 155.63 155.4  156.54
 156.22 158.93 158.55 158.   156.94 154.8  156.15 155.65 156.92 157.74
 157.3  157.97 159.05 159.4  158.75 159.11 160.36 161.13 162.22 162.61
 162.99 164.   164.95 165.96 165.3  165.31 164.39 164.33 163.94 164.71
 163.6  163.65 164.26 165.45 166.59 166.41 167.38 166.89 167.21 168.62
 169.39 170.8  171.3  172.33 172.04 173.06 173.23 174.44 174.52 174.08]
GE_last = [136.28 136.68 137.8  133.8  137.13 141.6  146.65 146.84 147.91 149.83
 149.98 152.03 151.16 154.93 158.36 157.47 156.02 158.52 159.03 158.81
 155.93 156.94 158.49 159.03 159.7  159.99 159.42 156.88 155.36 160.13
 158.17 159.46 160.53 161.87 165.53 166.19 168.03 167.54 167.38 168.52
 167.92 167.34 168.17 169.42 169.44 168.42 167.39 167.67 169.65 170.03
 171.77 171.81 172.59 171.91 172.46 172.69 173.1  172.55 171.62 171.88
 171.28 171.48 170.42 170.16 171.34 172.13 172.97 174.01 173.38 174.11
 174.49 175.21 175.31 176.24 176.53 177.43 178.84 179.22 180.66 181.17
 182.55 182.41 181.91 181.53 181.32 181.46 181.2  181.06 181.51 183.1
 184.03 183.79 184.05 182.34 182.92 183.23 183.41 183.27 184.46 184.69]

bias = False
nonlinearity = <class 'torch.nn.modules.activation.ReLU'>
dimNodeSignals = [1, 1]
nShiftTaps = [2]
nFilterNodes = [50]
dimLayersMLP = [9]

nFeatureBank = 1
nClasses = 9
k = 2
nLayers = 1
Feature Reduction = True
Class Reduction = True
Used Architecture = GCATNet
Edge Function = KNN Correlation
EdgeFn Threshold = 5

Runtime = 479.8327294890769

Prediction = [[0.00011111 0.0001111  0.00011111 ... 0.00011098 0.00011107 0.00011102]
 [0.0001111  0.00011109 0.00011108 ... 0.00011107 0.00011108 0.00011108]
 [0.00011116 0.00011118 0.00011108 ... 0.00011108 0.00011111 0.00011107]
 ...
 [0.00011131 0.00011134 0.00011112 ... 0.00011114 0.00011119 0.00011112]
 [0.00011121 0.00011115 0.00011116 ... 0.00011101 0.00011117 0.00011105]
 [0.00011112 0.00011106 0.00011109 ... 0.00011108 0.0001111  0.00011104]]
costBest = 0.899
costLast = 0.899
GE_best = [132.34 131.81 132.37 136.7  143.91 141.95 144.48 144.79 146.5  145.51
 145.11 146.25 144.89 148.77 148.11 149.43 148.92 156.6  156.5  160.04
 161.63 164.14 164.75 166.77 169.02 169.73 172.09 172.27 173.54 175.33
 174.58 175.76 174.45 174.5  173.44 175.43 175.81 175.59 176.71 177.57
 177.7  177.97 179.26 178.9  176.69 175.88 175.3  175.02 175.62 175.06
 174.21 174.34 175.79 176.51 177.57 176.62 175.76 177.5  179.16 178.44
 178.52 179.36 181.59 181.39 181.57 182.65 183.13 183.38 183.43 184.54
 183.29 183.3  183.46 182.84 184.1  185.   186.03 186.13 186.44 187.27
 186.04 186.3  186.81 186.92 187.23 187.8  188.44 187.86 188.04 188.07
 188.91 189.48 189.58 190.14 190.67 190.15 188.66 189.92 189.96 191.24]
GE_last = [125.36 119.62 124.75 126.44 127.04 132.76 134.97 139.62 139.88 143.7
 151.3  153.43 149.72 151.76 151.5  149.55 151.32 152.55 153.81 154.88
 151.8  153.83 153.68 152.6  152.83 155.22 158.39 159.77 161.16 159.73
 160.11 160.45 160.89 160.29 161.73 162.92 163.38 164.1  165.77 165.84
 167.1  169.35 170.01 171.09 172.31 171.93 172.44 175.67 177.05 177.75
 177.6  177.86 178.22 179.47 178.47 180.17 179.37 180.12 179.3  179.12
 179.23 179.41 178.61 178.06 177.77 177.58 176.46 177.13 176.87 177.54
 179.35 180.34 181.11 182.52 182.5  182.36 181.69 182.75 182.97 182.74
 182.67 182.5  183.54 184.32 185.23 187.06 185.61 184.59 184.35 184.87
 185.42 185.86 185.85 186.48 186.57 186.65 186.01 186.   185.74 185.92]

bias = False
nonlinearity = <class 'torch.nn.modules.activation.ReLU'>
dimNodeSignals = [1, 1]
nShiftTaps = [3]
nFilterNodes = [50]
dimLayersMLP = [9]

nFeatureBank = 1
nClasses = 9
k = 3
nLayers = 1
Feature Reduction = True
Class Reduction = True
Used Architecture = GCATNet
Edge Function = KNN Correlation
EdgeFn Threshold = 5

Runtime = 976.885087647941

Prediction = [[0.00011111 0.00011112 0.00011111 ... 0.00011111 0.00011111 0.00011111]
 [0.00011111 0.00011111 0.00011111 ... 0.00011111 0.00011111 0.00011111]
 [0.00011111 0.00011111 0.00011111 ... 0.00011111 0.00011111 0.00011111]
 ...
 [0.00011111 0.00011111 0.00011111 ... 0.00011111 0.00011111 0.00011111]
 [0.00011111 0.00011111 0.00011111 ... 0.00011111 0.00011111 0.00011111]
 [0.00011111 0.00011111 0.00011111 ... 0.00011111 0.00011111 0.00011111]]
costBest = 0.853
costLast = 0.853
GE_best = [145.39 136.8  142.04 143.25 136.29 133.76 136.78 138.17 141.17 142.44
 143.91 143.43 140.08 139.06 141.32 140.22 143.23 141.04 144.96 145.
 142.2  144.34 145.56 145.72 145.97 148.63 148.2  149.07 149.65 150.62
 152.44 153.35 156.43 154.7  152.78 151.45 153.58 155.16 156.66 157.64
 158.25 158.71 159.93 159.77 161.73 163.91 163.22 164.31 164.92 164.95
 166.71 165.72 166.64 166.2  166.84 166.13 166.69 167.   167.02 166.51
 166.82 166.61 167.12 166.65 166.44 164.59 165.09 165.02 165.72 165.44
 166.62 166.36 167.35 168.12 166.73 166.03 165.08 163.88 164.17 163.61
 163.22 163.87 162.32 162.36 163.12 163.64 164.22 163.85 164.29 164.32
 164.3  163.93 164.34 164.36 164.03 163.31 164.03 163.3  164.23 163.13]
GE_last = [118.46 130.57 131.85 128.51 129.54 133.67 139.27 137.36 136.14 137.63
 137.96 137.25 138.44 137.88 140.91 140.37 140.63 143.17 141.4  139.71
 139.24 140.9  141.78 140.33 141.01 142.92 143.74 146.05 147.45 147.46
 146.71 146.92 146.87 148.32 148.2  150.04 152.48 152.79 154.6  154.61
 153.87 153.5  154.08 152.45 152.84 152.63 152.59 153.61 151.12 150.25
 152.77 152.23 152.98 154.81 153.79 154.54 153.25 153.81 154.65 154.3
 154.33 153.7  152.15 150.83 151.3  151.93 152.68 154.09 154.97 154.95
 154.48 155.85 155.28 156.37 156.36 157.34 157.81 157.18 156.48 157.91
 158.69 158.74 158.95 158.56 158.72 157.27 158.07 159.41 160.01 160.74
 160.76 160.33 159.97 160.53 160.91 161.52 162.27 160.65 160.55 159.44]

bias = False
nonlinearity = <class 'torch.nn.modules.activation.ReLU'>
dimNodeSignals = [1, 1]
nShiftTaps = [4]
nFilterNodes = [50]
dimLayersMLP = [9]

nFeatureBank = 1
nClasses = 9
k = 4
nLayers = 1
Feature Reduction = True
Class Reduction = True
Used Architecture = GCATNet
Edge Function = KNN Correlation
EdgeFn Threshold = 5

Runtime = 1302.465946156066

Prediction = [[0.00011111 0.00011112 0.00011115 ... 0.00011112 0.00011109 0.00011112]
 [0.00011109 0.00011114 0.00011114 ... 0.00011111 0.00011108 0.00011112]
 [0.00011108 0.00011116 0.00011113 ... 0.0001111  0.00011111 0.00011113]
 ...
 [0.00011111 0.00011111 0.00011111 ... 0.00011111 0.00011111 0.0001111 ]
 [0.00011114 0.0001111  0.00011112 ... 0.00011113 0.00011111 0.00011113]
 [0.00011112 0.00011112 0.00011112 ... 0.00011111 0.0001111  0.00011111]]
costBest = 0.904
costLast = 0.904
GE_best = [125.06 130.04 133.71 133.91 132.13 131.74 130.73 132.1  134.05 133.62
 130.97 131.72 132.28 134.78 134.48 134.19 134.93 134.07 133.66 130.94
 128.5  128.9  127.87 124.27 124.32 123.77 124.32 126.63 123.44 122.91
 123.47 123.37 125.44 126.83 126.51 126.55 128.93 129.07 127.87 127.32
 126.26 127.7  128.34 128.07 128.35 127.96 126.84 125.63 124.7  124.84
 123.87 125.17 125.21 124.83 123.91 122.92 122.53 120.47 120.52 121.14
 120.06 120.19 120.96 120.56 121.55 119.67 120.26 120.49 120.8  120.42
 121.01 118.94 117.63 117.04 116.55 116.77 115.94 116.24 117.74 116.81
 117.57 118.92 118.39 118.44 118.22 118.59 116.98 117.65 118.74 118.01
 119.03 119.11 118.06 118.81 119.17 118.17 118.76 119.43 119.87 119.73]
GE_last = [121.22 121.36 122.26 118.11 116.77 121.75 121.22 119.57 118.01 116.04
 116.08 115.43 112.34 111.27 110.07 110.55 111.49 112.43 112.48 108.19
 105.57 105.31 107.27 107.75 107.43 107.33 108.54 109.58 107.83 106.36
 106.12 107.08 106.43 104.35 104.96 104.5  102.65 103.28 103.08 101.35
 102.67 100.91 102.94 102.62 103.4  101.76 100.59  98.39  96.47  96.89
  97.11  96.92  97.32  97.    96.54  97.47  97.35  98.97  99.87  98.56
  98.16 100.43 100.63 100.12 100.76 100.96 100.32 101.05 100.33  99.63
  99.36  98.63  98.03  98.66  97.63  98.04  98.03  98.08  98.39  97.71
  99.16  98.13  99.04  97.82  99.32  97.45  98.15  99.01  99.97 101.4
 100.83 100.83  99.58  99.43 101.07 100.    98.62  97.95  97.7   97.72]

bias = False
nonlinearity = <class 'torch.nn.modules.activation.ReLU'>
dimNodeSignals = [1, 1]
nShiftTaps = [5]
nFilterNodes = [50]
dimLayersMLP = [9]

nFeatureBank = 1
nClasses = 9
k = 5
nLayers = 1
Feature Reduction = True
Class Reduction = True
Used Architecture = GCATNet
Edge Function = KNN Correlation
EdgeFn Threshold = 5

Runtime = 1861.6175585039891

Prediction = [[0.00011111 0.00011111 0.00011111 ... 0.00011111 0.00011111 0.00011111]
 [0.00011111 0.00011111 0.00011111 ... 0.00011111 0.00011111 0.00011111]
 [0.00011111 0.00011111 0.00011111 ... 0.00011111 0.00011111 0.00011111]
 ...
 [0.00011111 0.00011111 0.00011111 ... 0.00011111 0.00011111 0.00011111]
 [0.00011111 0.00011111 0.00011111 ... 0.00011112 0.00011111 0.00011111]
 [0.00011111 0.00011111 0.00011111 ... 0.00011111 0.00011111 0.00011111]]
costBest = 0.851
costLast = 0.851
GE_best = [127.58 126.44 124.8  124.05 123.64 121.42 119.68 121.88 124.62 121.41
 122.56 124.61 122.76 124.03 122.32 121.68 123.32 123.45 122.4  119.16
 118.61 119.09 117.52 118.41 121.95 123.31 125.22 125.56 123.49 124.76
 122.68 126.06 126.5  127.35 128.8  126.51 126.96 127.05 128.55 130.85
 133.73 135.31 138.18 139.88 141.   141.7  142.12 141.91 143.66 142.71
 141.68 141.87 141.1  140.98 140.42 139.97 139.89 138.18 138.6  137.98
 135.53 135.69 135.97 135.68 135.85 135.87 135.42 136.27 136.01 134.99
 136.98 137.63 138.15 137.9  138.5  138.87 137.74 136.65 135.84 136.46
 136.11 136.29 137.57 137.86 137.05 135.47 135.57 134.95 135.05 135.3
 135.41 135.58 136.75 136.3  136.74 136.38 135.03 134.12 133.89 132.93]
GE_last = [114.02 117.53 124.68 134.91 134.83 136.38 132.14 134.67 130.61 132.16
 129.73 130.48 132.22 130.32 132.12 131.1  129.83 130.46 129.23 126.97
 127.6  128.32 125.01 124.71 126.02 127.63 125.64 127.99 130.34 131.99
 132.3  134.68 137.75 139.11 138.89 137.45 137.28 137.81 137.23 135.12
 135.88 134.74 134.31 135.07 134.7  132.6  133.7  135.16 135.39 135.31
 135.43 134.6  135.04 134.75 136.7  135.34 134.77 134.26 133.91 134.16
 134.32 136.09 136.22 137.13 136.23 135.79 134.96 134.37 134.31 135.41
 136.54 135.63 134.23 133.79 133.43 134.53 134.63 134.83 134.14 135.29
 135.1  136.43 137.13 136.69 135.88 135.6  136.35 136.06 137.38 137.82
 137.33 138.6  138.64 139.95 139.76 138.64 139.09 137.7  137.71 139.26]

bias = False
nonlinearity = <class 'torch.nn.modules.activation.ReLU'>
dimNodeSignals = [1, 1, 1]
nShiftTaps = [1, 1]
nFilterNodes = [50, 50]
dimLayersMLP = [9]

nFeatureBank = 1
nClasses = 9
k = 1
nLayers = 2
Feature Reduction = True
Class Reduction = True
Used Architecture = GCATNet
Edge Function = KNN Correlation
EdgeFn Threshold = 5

Runtime = 268.1378990060184

Prediction = [[0.00011111 0.00011111 0.00011111 ... 0.00011111 0.00011111 0.00011111]
 [0.00011111 0.00011111 0.00011111 ... 0.00011111 0.00011111 0.00011111]
 [0.00011111 0.00011111 0.00011111 ... 0.00011111 0.00011111 0.00011111]
 ...
 [0.00011111 0.00011111 0.00011111 ... 0.00011111 0.00011111 0.00011111]
 [0.00011111 0.00011111 0.00011111 ... 0.00011111 0.00011111 0.00011111]
 [0.00011111 0.00011111 0.00011111 ... 0.00011111 0.00011111 0.00011111]]
costBest = 0.996
costLast = 0.996
GE_best = [52. 52. 52. 52. 52. 52. 52. 52. 52. 52. 52. 52. 52. 52. 52. 52. 52. 52.
 52. 52. 52. 52. 52. 52. 52. 52. 52. 52. 52. 52. 52. 52. 52. 52. 52. 52.
 52. 52. 52. 52. 52. 52. 52. 52. 52. 52. 52. 52. 52. 52. 52. 52. 52. 52.
 52. 52. 52. 52. 52. 52. 52. 52. 52. 52. 52. 52. 52. 52. 52. 52. 52. 52.
 52. 52. 52. 52. 52. 52. 52. 52. 52. 52. 52. 52. 52. 52. 52. 52. 52. 52.
 52. 52. 52. 52. 52. 52. 52. 52. 52. 52.]
GE_last = [52. 52. 52. 52. 52. 52. 52. 52. 52. 52. 52. 52. 52. 52. 52. 52. 52. 52.
 52. 52. 52. 52. 52. 52. 52. 52. 52. 52. 52. 52. 52. 52. 52. 52. 52. 52.
 52. 52. 52. 52. 52. 52. 52. 52. 52. 52. 52. 52. 52. 52. 52. 52. 52. 52.
 52. 52. 52. 52. 52. 52. 52. 52. 52. 52. 52. 52. 52. 52. 52. 52. 52. 52.
 52. 52. 52. 52. 52. 52. 52. 52. 52. 52. 52. 52. 52. 52. 52. 52. 52. 52.
 52. 52. 52. 52. 52. 52. 52. 52. 52. 52.]

bias = False
nonlinearity = <class 'torch.nn.modules.activation.ReLU'>
dimNodeSignals = [1, 1, 1]
nShiftTaps = [2, 2]
nFilterNodes = [50, 50]
dimLayersMLP = [9]

nFeatureBank = 1
nClasses = 9
k = 2
nLayers = 2
Feature Reduction = True
Class Reduction = True
Used Architecture = GCATNet
Edge Function = KNN Correlation
EdgeFn Threshold = 5

Runtime = 901.2737730669323

Prediction = [[0.00011108 0.00011111 0.00011111 ... 0.00011113 0.00011112 0.00011112]
 [0.0001111  0.00011109 0.00011109 ... 0.0001111  0.0001111  0.0001111 ]
 [0.00011113 0.00011109 0.00011112 ... 0.00011109 0.00011109 0.00011109]
 ...
 [0.00011109 0.00011107 0.00011108 ... 0.00011115 0.00011111 0.00011112]
 [0.00011103 0.00011115 0.00011112 ... 0.00011121 0.00011116 0.00011122]
 [0.0001111  0.00011111 0.00011111 ... 0.00011111 0.0001111  0.0001111 ]]
costBest = 0.879
costLast = 0.879
GE_best = [130.98 122.85 122.73 119.34 110.06 115.48 112.14 107.65 103.99 100.04
  96.77  96.32  95.46  95.19  92.89  89.76  88.62  89.02  88.88  85.88
  81.31  82.3   80.03  76.77  76.5   75.11  74.21  73.38  71.69  71.53
  71.35  69.02  69.53  68.05  67.81  68.62  68.75  68.73  67.22  67.08
  66.72  65.84  65.96  65.47  63.62  64.24  63.21  62.94  61.51  60.56
  60.44  60.58  59.69  58.57  58.86  58.97  59.03  58.84  58.65  58.64
  57.56  58.78  58.18  56.78  56.25  55.47  56.34  55.97  56.42  55.95
  56.02  56.1   54.84  54.01  53.21  51.7   51.07  50.39  49.09  48.22
  46.74  45.86  46.08  46.25  46.1   44.57  44.26  44.17  44.46  43.88
  42.57  41.72  41.16  40.89  40.85  41.07  40.6   40.4   39.72  39.6 ]
GE_last = [125.08 124.28 115.81 109.06 111.93 109.39 108.05 105.4  102.43 101.04
  95.86  94.35  94.52  93.71  89.26  89.14  88.85  88.4   85.2   81.78
  79.99  78.07  76.53  73.6   73.74  73.33  71.98  70.61  69.64  68.25
  68.53  67.27  65.76  66.02  65.27  64.9   63.44  63.76  63.39  62.91
  60.3   59.18  59.61  58.9   58.33  58.18  57.98  57.95  56.28  57.79
  58.78  57.76  58.47  59.85  58.34  57.86  56.64  55.43  54.41  53.03
  52.87  51.18  50.92  49.79  48.91  48.89  48.    46.8   46.43  46.11
  44.52  44.6   44.29  44.66  44.83  44.15  44.88  45.    45.49  44.49
  43.81  43.79  43.44  42.49  42.56  41.79  41.48  41.4   41.49  41.71
  42.41  42.38  41.84  41.98  42.42  41.61  42.44  41.59  41.32  40.85]

bias = False
nonlinearity = <class 'torch.nn.modules.activation.ReLU'>
dimNodeSignals = [1, 1, 1]
nShiftTaps = [3, 3]
nFilterNodes = [50, 50]
dimLayersMLP = [9]

nFeatureBank = 1
nClasses = 9
k = 3
nLayers = 2
Feature Reduction = True
Class Reduction = True
Used Architecture = GCATNet
Edge Function = KNN Correlation
EdgeFn Threshold = 5

Runtime = 1858.2513840650208

Prediction = [[0.00011111 0.00011111 0.00011111 ... 0.00011111 0.00011111 0.00011111]
 [0.00011111 0.00011111 0.00011111 ... 0.00011111 0.00011111 0.00011111]
 [0.00011111 0.00011111 0.00011111 ... 0.00011111 0.00011111 0.00011111]
 ...
 [0.00011111 0.00011111 0.00011111 ... 0.00011111 0.00011111 0.00011111]
 [0.00011111 0.00011111 0.00011111 ... 0.00011111 0.00011111 0.00011111]
 [0.00011111 0.00011111 0.00011111 ... 0.00011111 0.00011111 0.00011111]]
costBest = 0.851
costLast = 0.851
GE_best = [132.73 130.07 134.48 132.68 137.26 141.84 137.74 135.48 131.92 130.99
 132.41 132.54 129.59 125.37 122.02 115.79 117.22 116.12 111.93 111.83
 110.08 109.94 110.89 109.83 109.48 109.58 108.03 107.78 107.09 110.51
 111.22 111.86 112.11 113.49 113.61 113.34 111.29 109.12 109.13 108.56
 107.8  105.37 104.77 106.5  107.24 108.32 108.13 108.93 108.17 106.53
 105.9  104.89 103.34 102.15 101.81 101.99 102.59 104.62 105.03 103.05
 101.61 101.66 101.72 100.59  99.8   97.92  97.47  96.26  95.1   93.56
  92.94  93.73  92.95  92.88  94.14  94.4   95.48  94.31  93.06  94.
  92.85  92.17  92.7   92.32  92.08  91.57  92.51  93.21  93.93  92.68
  92.08  91.5   91.51  90.97  90.83  91.74  90.32  89.57  89.06  87.65]
GE_last = [130.51 121.42 118.28 117.83 121.84 121.05 118.59 119.68 122.07 124.74
 121.54 123.73 123.31 124.7  120.88 122.32 119.24 119.49 120.18 118.13
 120.57 119.46 118.56 115.98 111.4  110.59 109.57 111.33 108.59 110.86
 113.07 113.25 111.73 112.04 112.99 113.61 112.76 111.18 111.13 111.15
 110.12 109.34 108.2  107.51 107.3  108.48 106.97 106.61 106.91 107.73
 104.82 104.55 104.41 103.12 101.45 101.38 102.62 103.   102.11 100.72
 100.57 101.03 100.32 100.33 100.9  101.46 102.3  103.1  101.59 101.68
 101.29 101.39 102.54 102.54 102.97 102.34 103.02 101.9  102.47 101.57
 100.69 102.28 102.46 101.79 102.34 101.9  102.73 102.33 101.82 102.13
 101.06  99.3   99.96 100.12  99.03  99.03  97.54  97.54  96.71  95.09]

bias = False
nonlinearity = <class 'torch.nn.modules.activation.ReLU'>
dimNodeSignals = [1, 1, 1]
nShiftTaps = [4, 4]
nFilterNodes = [50, 50]
dimLayersMLP = [9]

nFeatureBank = 1
nClasses = 9
k = 4
nLayers = 2
Feature Reduction = True
Class Reduction = True
Used Architecture = GCATNet
Edge Function = KNN Correlation
EdgeFn Threshold = 5

Runtime = 2575.4715487759095

Prediction = [[0.00011111 0.00011111 0.00011111 ... 0.00011111 0.00011111 0.00011111]
 [0.00011111 0.00011111 0.00011111 ... 0.00011111 0.00011111 0.00011111]
 [0.00011111 0.00011111 0.00011111 ... 0.00011111 0.00011111 0.00011111]
 ...
 [0.00011111 0.00011111 0.00011111 ... 0.00011111 0.00011111 0.00011111]
 [0.00011111 0.00011111 0.00011111 ... 0.00011111 0.00011111 0.00011111]
 [0.00011111 0.00011111 0.00011111 ... 0.00011111 0.00011111 0.00011111]]
costBest = 0.979
costLast = 0.979
GE_best = [128.55 126.24 123.62 124.02 121.73 125.93 126.58 127.44 129.79 125.72
 121.13 121.6  121.37 121.16 120.45 121.39 119.89 121.91 121.17 121.53
 121.81 123.2  123.35 123.98 124.27 123.23 124.46 123.98 124.79 126.3
 124.78 123.89 122.85 121.46 125.34 125.56 124.36 124.79 126.24 123.01
 123.66 123.06 123.3  122.41 124.5  123.3  123.34 122.52 124.17 125.21
 125.32 126.25 128.29 128.01 128.72 128.67 129.98 130.15 129.86 129.43
 129.75 129.05 128.54 127.59 127.92 127.74 127.91 127.6  126.78 126.32
 126.25 126.21 126.89 127.9  128.36 127.91 126.86 126.55 128.05 128.92
 130.52 129.12 128.31 127.4  127.29 125.6  125.83 125.54 124.88 125.72
 124.74 124.31 122.96 123.28 124.11 124.68 123.87 124.07 123.85 123.88]
GE_last = [127.91 121.68 127.51 129.32 127.34 129.03 132.2  132.94 134.94 135.26
 133.73 131.69 131.56 130.51 135.35 133.44 133.22 126.53 125.37 121.96
 120.3  122.06 122.95 121.5  121.96 122.28 121.84 123.16 121.55 123.59
 123.87 125.43 126.42 126.89 128.57 128.56 128.69 127.05 125.52 125.02
 124.33 125.35 125.08 124.67 126.17 124.65 123.12 122.17 121.49 120.41
 119.4  121.06 121.51 120.59 118.99 116.81 117.06 116.16 116.47 116.39
 117.61 118.11 118.88 118.77 118.96 119.25 119.45 118.45 117.74 115.65
 115.15 116.04 115.68 117.16 115.46 115.46 116.04 116.09 115.61 115.36
 115.11 114.08 113.25 114.35 113.12 111.83 113.74 113.51 113.96 113.97
 113.32 112.72 112.03 112.17 111.78 111.61 110.67 110.18 111.62 110.95]

bias = False
nonlinearity = <class 'torch.nn.modules.activation.ReLU'>
dimNodeSignals = [1, 1, 1]
nShiftTaps = [5, 5]
nFilterNodes = [50, 50]
dimLayersMLP = [9]

nFeatureBank = 1
nClasses = 9
k = 5
nLayers = 2
Feature Reduction = True
Class Reduction = True
Used Architecture = GCATNet
Edge Function = KNN Correlation
EdgeFn Threshold = 5

Runtime = 3504.999625096796

Prediction = [[0.00011111 0.00011111 0.00011111 ... 0.00011111 0.00011111 0.00011111]
 [0.00011111 0.00011111 0.00011111 ... 0.00011111 0.00011111 0.00011111]
 [0.00011111 0.00011111 0.00011111 ... 0.00011111 0.00011111 0.00011111]
 ...
 [0.00011111 0.00011111 0.00011111 ... 0.00011111 0.00011111 0.00011111]
 [0.00011111 0.00011111 0.00011111 ... 0.00011111 0.00011111 0.00011111]
 [0.00011111 0.00011111 0.00011111 ... 0.00011111 0.00011111 0.00011111]]
costBest = 0.845
costLast = 0.845
GE_best = [127.27 134.06 127.17 125.08 126.56 123.59 121.75 121.33 123.67 126.91
 127.57 129.51 134.48 133.55 131.24 131.18 130.9  130.85 128.01 128.97
 128.83 129.36 128.08 127.64 126.58 125.96 126.5  127.2  126.25 129.23
 128.52 128.5  129.6  129.83 126.99 125.29 123.39 123.24 122.53 124.79
 122.48 123.6  123.05 120.57 123.14 126.09 125.13 126.17 125.56 124.85
 125.68 123.85 123.54 122.44 121.8  122.02 122.61 123.54 122.96 122.01
 121.09 121.72 123.22 123.95 122.43 121.15 121.97 120.42 119.66 119.91
 120.08 120.17 120.43 119.97 122.73 123.05 122.75 125.59 126.2  124.99
 124.77 125.59 125.25 124.03 123.79 123.26 123.04 122.97 122.13 123.68
 123.13 122.91 123.51 124.53 123.69 122.21 123.49 123.21 122.44 121.55]
GE_last = [122.98 114.5  109.95 107.19 108.82 108.58 112.55 114.   111.65 114.34
 112.26 106.47 110.72 108.48 103.73 105.48 110.51 112.68 116.6  111.71
 113.03 114.11 110.9  114.34 113.83 112.76 111.43 110.48 111.84 114.83
 113.81 111.92 115.24 115.14 116.03 115.31 118.24 116.91 117.58 118.35
 117.94 117.44 117.13 118.52 117.45 117.74 117.46 116.01 115.08 113.56
 113.51 115.25 114.57 113.53 113.31 112.43 112.94 111.63 111.86 111.84
 112.27 112.48 112.87 112.96 112.05 111.64 110.05 110.56 111.57 110.36
 109.32 110.2  109.65 109.67 110.35 109.9  109.6  109.33 107.39 106.35
 105.86 106.17 106.22 106.3  106.8  107.07 107.91 109.84 109.83 109.94
 109.29 110.71 111.15 110.86 110.68 111.62 113.53 113.87 112.63 112.17]

bias = False
nonlinearity = <class 'torch.nn.modules.activation.ReLU'>
dimNodeSignals = [1, 1, 1, 1]
nShiftTaps = [1, 1, 1]
nFilterNodes = [50, 50, 50]
dimLayersMLP = [9]

nFeatureBank = 1
nClasses = 9
k = 1
nLayers = 3
Feature Reduction = True
Class Reduction = True
Used Architecture = GCATNet
Edge Function = KNN Correlation
EdgeFn Threshold = 5

Runtime = 361.12205395800993

Prediction = [[0.00011111 0.00011111 0.00011111 ... 0.00011111 0.00011111 0.00011111]
 [0.00011111 0.00011111 0.00011111 ... 0.00011111 0.00011111 0.00011111]
 [0.00011111 0.00011111 0.00011111 ... 0.00011111 0.00011111 0.00011111]
 ...
 [0.00011111 0.00011111 0.00011111 ... 0.00011111 0.00011111 0.00011111]
 [0.00011111 0.00011111 0.00011111 ... 0.00011111 0.00011111 0.00011111]
 [0.00011111 0.00011111 0.00011111 ... 0.00011111 0.00011111 0.00011111]]
costBest = 0.891
costLast = 0.891
GE_best = [112.21 109.77  96.62  88.42  91.01  86.03  87.15  85.9   84.04  86.42
  86.07  86.44  81.26  81.19  81.41  79.44  77.07  79.16  77.7   76.72
  75.51  77.    77.4   74.82  71.22  71.54  69.86  70.29  70.25  68.65
  70.12  68.89  70.49  68.6   69.5   70.69  70.46  68.83  69.04  70.3
  70.9   68.38  67.28  67.65  68.39  66.96  67.7   66.85  66.48  65.65
  67.52  66.76  65.87  66.    66.33  66.03  66.2   65.99  64.75  64.74
  64.49  63.74  63.5   63.8   63.95  63.02  64.61  64.5   64.82  64.61
  63.78  63.54  62.84  60.98  60.98  60.13  60.67  62.1   60.8   61.02
  61.07  60.97  60.87  59.75  58.78  58.41  58.27  57.93  56.06  54.94
  54.16  54.33  55.33  55.82  55.5   55.02  54.47  54.26  55.4   54.71]
GE_last = [120.7  115.13 110.27 112.46 112.59 112.53 111.47 105.9  103.77 100.76
 101.74  97.78  96.68  95.23  97.16  94.7   94.42  92.32  89.81  87.46
  86.19  87.03  88.36  88.86  88.21  85.79  87.16  85.25  84.97  81.16
  79.59  78.32  76.9   76.24  76.43  77.81  77.84  78.13  76.91  76.01
  76.67  76.28  75.71  74.73  73.15  73.35  74.38  72.87  72.79  72.11
  71.99  71.99  71.62  71.62  70.72  72.05  73.5   72.24  72.28  71.52
  71.45  70.99  70.72  69.79  68.59  68.43  68.1   67.12  67.4   66.32
  66.51  65.7   65.85  65.6   63.76  63.86  63.66  63.37  62.37  62.66
  62.81  62.2   62.39  62.58  63.91  62.62  61.93  61.28  61.02  60.98
  60.93  59.99  60.47  59.86  59.94  59.07  58.49  58.94  59.03  58.38]

bias = False
nonlinearity = <class 'torch.nn.modules.activation.ReLU'>
dimNodeSignals = [1, 1, 1, 1]
nShiftTaps = [2, 2, 2]
nFilterNodes = [50, 50, 50]
dimLayersMLP = [9]

nFeatureBank = 1
nClasses = 9
k = 2
nLayers = 3
Feature Reduction = True
Class Reduction = True
Used Architecture = GCATNet
Edge Function = KNN Correlation
EdgeFn Threshold = 5

Runtime = 1309.6069790150505

Prediction = [[0.00011111 0.00011111 0.00011111 ... 0.00011111 0.00011111 0.00011111]
 [0.00011111 0.00011111 0.00011111 ... 0.00011111 0.00011111 0.00011111]
 [0.00011111 0.00011111 0.00011111 ... 0.00011111 0.00011111 0.00011111]
 ...
 [0.00011111 0.00011111 0.00011111 ... 0.00011111 0.00011111 0.00011111]
 [0.00011111 0.00011111 0.00011111 ... 0.00011111 0.00011111 0.00011111]
 [0.00011111 0.00011111 0.00011111 ... 0.00011111 0.00011111 0.00011111]]
costBest = 0.934
costLast = 0.934
GE_best = [148.25 140.1  139.34 142.12 151.18 155.6  155.38 157.5  160.02 165.5
 165.47 168.5  167.99 168.66 171.61 170.81 170.16 170.69 171.55 168.3
 168.89 171.4  174.37 176.06 177.81 176.94 176.4  176.12 178.05 177.98
 177.2  178.97 180.32 181.01 184.08 186.45 187.72 189.71 190.22 191.56
 193.26 194.64 196.54 196.43 197.18 197.03 199.16 200.69 201.65 202.49
 201.57 201.36 201.85 202.29 203.5  203.3  204.41 204.64 205.05 204.42
 204.61 205.98 206.69 207.3  208.31 209.44 209.04 209.31 209.68 210.75
 210.19 212.16 213.77 214.63 215.08 216.56 217.62 218.06 218.6  219.32
 219.8  220.41 220.41 221.53 221.6  221.06 221.37 220.83 220.75 219.59
 219.52 220.   220.05 220.49 220.75 221.87 222.49 222.1  222.51 223.73]
GE_last = [149.45 148.31 158.53 161.14 163.6  167.61 166.42 163.85 167.2  166.78
 166.18 167.8  168.44 169.4  169.63 171.09 173.51 173.02 176.14 176.44
 175.81 174.96 177.12 176.09 174.6  175.49 174.64 174.78 175.1  174.48
 175.38 179.59 179.5  180.62 181.27 184.19 185.11 186.17 188.13 187.14
 187.26 187.4  187.38 188.99 190.3  191.13 193.18 192.79 193.89 194.4
 193.23 193.94 194.33 193.55 195.98 194.77 195.88 195.02 194.59 195.84
 196.84 197.45 196.69 196.73 198.43 198.68 199.11 199.52 198.82 199.47
 200.26 201.01 202.09 203.97 204.92 206.22 207.15 207.7  207.62 209.24
 210.67 210.57 210.54 211.22 211.24 212.11 212.42 211.62 211.62 211.94
 212.24 212.65 212.71 211.97 212.42 213.54 214.5  215.12 214.55 214.18]

bias = False
nonlinearity = <class 'torch.nn.modules.activation.ReLU'>
dimNodeSignals = [1, 1, 1, 1]
nShiftTaps = [3, 3, 3]
nFilterNodes = [50, 50, 50]
dimLayersMLP = [9]

nFeatureBank = 1
nClasses = 9
k = 3
nLayers = 3
Feature Reduction = True
Class Reduction = True
Used Architecture = GCATNet
Edge Function = KNN Correlation
EdgeFn Threshold = 5

Runtime = 2355.572792046005

Prediction = [[0.00011111 0.00011111 0.00011111 ... 0.00011111 0.00011111 0.00011111]
 [0.00011111 0.00011111 0.00011111 ... 0.00011111 0.00011111 0.00011111]
 [0.00011111 0.00011111 0.00011111 ... 0.00011111 0.00011111 0.00011111]
 ...
 [0.00011111 0.00011111 0.00011111 ... 0.00011111 0.00011111 0.00011111]
 [0.00011111 0.00011111 0.00011111 ... 0.00011111 0.00011111 0.00011111]
 [0.00011111 0.00011111 0.00011111 ... 0.00011111 0.00011111 0.00011111]]
costBest = 0.935
costLast = 0.935
GE_best = [122.44 131.07 130.42 124.38 134.55 129.11 135.51 129.34 128.57 126.03
 125.28 123.87 122.38 122.78 120.59 119.1  119.44 115.95 117.27 118.17
 119.29 118.88 116.89 115.93 112.37 111.78 110.58 113.9  113.61 112.92
 111.91 110.75 111.28 109.82 109.65 110.72 110.46 111.26 109.91 112.64
 113.06 111.83 112.46 112.33 112.25 110.45 109.22 109.5  108.35 108.66
 107.62 108.25 109.54 110.9  109.71 109.8  108.48 108.71 108.48 108.25
 108.33 106.7  107.65 107.17 106.27 106.73 105.88 105.95 105.27 104.04
 104.44 102.73 102.21 101.67 101.74 101.88 100.91 100.53 100.13  99.1
  99.17  99.58  98.29  97.32  98.45  99.05  99.74 100.05  99.57  98.91
  99.38  98.68  97.88  97.74  97.49  97.57  98.26  97.39  97.84  97.21]
GE_last = [123.78 126.43 127.87 128.75 125.6  127.28 127.46 128.06 127.16 125.43
 121.82 119.83 119.9  118.22 118.4  115.85 114.39 113.6  111.74 109.25
 108.05 108.43 109.48 109.54 111.38 111.13 109.74 109.57 107.25 107.37
 108.92 108.89 107.41 105.27 105.94 106.38 106.61 109.38 110.85 110.01
 108.98 110.57 109.08 110.29 109.29 109.68 109.61 112.72 112.33 112.34
 112.16 112.93 114.37 113.87 114.97 116.48 117.21 116.33 117.09 117.21
 117.98 118.46 118.09 116.7  117.35 117.42 118.43 117.75 117.65 116.69
 116.57 116.94 117.34 117.06 115.93 117.67 116.15 116.13 117.16 117.88
 118.55 119.51 118.63 119.3  120.32 120.27 119.2  117.58 116.49 116.59
 115.45 116.33 117.01 118.68 117.72 117.97 118.78 118.62 117.23 116.51]

bias = False
nonlinearity = <class 'torch.nn.modules.activation.ReLU'>
dimNodeSignals = [1, 1, 1, 1]
nShiftTaps = [4, 4, 4]
nFilterNodes = [50, 50, 50]
dimLayersMLP = [9]

nFeatureBank = 1
nClasses = 9
k = 4
nLayers = 3
Feature Reduction = True
Class Reduction = True
Used Architecture = GCATNet
Edge Function = KNN Correlation
EdgeFn Threshold = 5

Runtime = 3627.001764778979

Prediction = [[0.00011111 0.00011111 0.00011111 ... 0.00011111 0.00011111 0.00011111]
 [0.00011111 0.00011111 0.00011111 ... 0.00011111 0.00011111 0.00011111]
 [0.00011111 0.00011111 0.00011111 ... 0.00011111 0.00011111 0.00011111]
 ...
 [0.00011111 0.00011111 0.00011111 ... 0.00011111 0.00011111 0.00011111]
 [0.00011111 0.00011111 0.00011111 ... 0.00011111 0.00011111 0.00011111]
 [0.00011111 0.00011111 0.00011111 ... 0.00011111 0.00011111 0.00011111]]
costBest = 0.996
costLast = 0.996
GE_best = [52. 52. 52. 52. 52. 52. 52. 52. 52. 52. 52. 52. 52. 52. 52. 52. 52. 52.
 52. 52. 52. 52. 52. 52. 52. 52. 52. 52. 52. 52. 52. 52. 52. 52. 52. 52.
 52. 52. 52. 52. 52. 52. 52. 52. 52. 52. 52. 52. 52. 52. 52. 52. 52. 52.
 52. 52. 52. 52. 52. 52. 52. 52. 52. 52. 52. 52. 52. 52. 52. 52. 52. 52.
 52. 52. 52. 52. 52. 52. 52. 52. 52. 52. 52. 52. 52. 52. 52. 52. 52. 52.
 52. 52. 52. 52. 52. 52. 52. 52. 52. 52.]
GE_last = [52. 52. 52. 52. 52. 52. 52. 52. 52. 52. 52. 52. 52. 52. 52. 52. 52. 52.
 52. 52. 52. 52. 52. 52. 52. 52. 52. 52. 52. 52. 52. 52. 52. 52. 52. 52.
 52. 52. 52. 52. 52. 52. 52. 52. 52. 52. 52. 52. 52. 52. 52. 52. 52. 52.
 52. 52. 52. 52. 52. 52. 52. 52. 52. 52. 52. 52. 52. 52. 52. 52. 52. 52.
 52. 52. 52. 52. 52. 52. 52. 52. 52. 52. 52. 52. 52. 52. 52. 52. 52. 52.
 52. 52. 52. 52. 52. 52. 52. 52. 52. 52.]

bias = False
nonlinearity = <class 'torch.nn.modules.activation.ReLU'>
dimNodeSignals = [1, 1, 1, 1]
nShiftTaps = [5, 5, 5]
nFilterNodes = [50, 50, 50]
dimLayersMLP = [9]

nFeatureBank = 1
nClasses = 9
k = 5
nLayers = 3
Feature Reduction = True
Class Reduction = True
Used Architecture = GCATNet
Edge Function = KNN Correlation
EdgeFn Threshold = 5

Runtime = 5317.36336210696

Prediction = [[0.00011111 0.00011111 0.00011111 ... 0.00011111 0.00011111 0.00011111]
 [0.00011111 0.00011111 0.00011111 ... 0.00011111 0.00011111 0.00011111]
 [0.00011111 0.00011111 0.00011111 ... 0.00011111 0.00011111 0.00011111]
 ...
 [0.00011111 0.00011111 0.00011111 ... 0.00011111 0.00011111 0.00011111]
 [0.00011111 0.00011111 0.00011111 ... 0.00011111 0.00011111 0.00011111]
 [0.00011111 0.00011111 0.00011111 ... 0.00011111 0.00011111 0.00011111]]
costBest = 0.899
costLast = 0.899
GE_best = [121.99 112.46 109.94 108.05 108.77 115.77 109.07 104.07 102.03  99.04
  98.34  94.02  96.82  99.76  99.87  97.48  97.19  93.38  93.14  93.96
  94.11  94.28  92.55  90.66  89.85  88.28  87.42  85.86  84.2   84.8
  82.88  79.3   80.01  79.6   80.01  77.56  74.9   74.14  74.09  74.5
  72.51  72.97  71.88  70.98  67.89  66.6   65.92  65.14  64.58  64.94
  64.6   64.76  63.77  63.29  63.05  63.5   62.34  62.45  61.48  63.6
  61.97  61.9   61.44  61.25  60.67  61.38  61.39  61.62  63.03  61.97
  62.27  61.23  60.75  61.05  60.65  59.21  59.73  58.38  59.02  57.9
  57.4   55.82  55.93  54.79  53.27  52.87  53.    52.4   52.44  52.17
  51.61  51.92  52.95  52.94  53.39  52.5   52.88  52.78  53.64  52.53]
GE_last = [123.14 120.59 116.43 114.91 111.71 112.86 110.98 106.41  99.76 101.27
 102.6  100.32  96.69  94.61  94.23  93.2   94.59  96.38  92.45  93.85
  92.09  92.4   91.89  92.17  91.55  91.14  86.84  85.85  84.04  82.86
  81.03  80.98  78.5   76.8   76.82  77.66  76.64  75.08  74.36  76.05
  76.27  75.87  74.9   73.27  73.88  73.27  74.1   71.85  72.85  72.83
  72.25  71.54  70.26  68.37  67.34  67.19  67.58  67.37  66.87  66.21
  65.18  65.2   66.27  65.65  65.96  66.    64.63  62.43  63.16  61.48
  61.55  62.28  61.55  61.36  61.05  59.87  59.78  60.09  59.23  59.09
  59.24  59.53  58.33  57.7   56.92  56.64  55.98  54.85  52.71  53.1
  53.01  51.62  51.44  51.4   51.04  50.02  50.54  50.93  50.86  50.68]

bias = False
nonlinearity = <class 'torch.nn.modules.activation.ReLU'>
dimNodeSignals = [1, 1, 1, 1, 1]
nShiftTaps = [1, 1, 1, 1]
nFilterNodes = [50, 50, 50, 50]
dimLayersMLP = [9]

nFeatureBank = 1
nClasses = 9
k = 1
nLayers = 4
Feature Reduction = True
Class Reduction = True
Used Architecture = GCATNet
Edge Function = KNN Correlation
EdgeFn Threshold = 5

Runtime = 460.3734164319467

Prediction = [[0.00011111 0.00011111 0.00011111 ... 0.00011111 0.00011111 0.00011111]
 [0.00011111 0.00011111 0.00011111 ... 0.00011111 0.00011111 0.00011111]
 [0.00011111 0.00011111 0.00011111 ... 0.00011111 0.00011111 0.00011111]
 ...
 [0.00011111 0.00011111 0.00011111 ... 0.00011111 0.00011111 0.00011111]
 [0.00011111 0.00011111 0.00011111 ... 0.00011111 0.00011111 0.00011111]
 [0.00011111 0.00011111 0.00011111 ... 0.00011111 0.00011111 0.00011111]]
costBest = 0.996
costLast = 0.996
GE_best = [52. 52. 52. 52. 52. 52. 52. 52. 52. 52. 52. 52. 52. 52. 52. 52. 52. 52.
 52. 52. 52. 52. 52. 52. 52. 52. 52. 52. 52. 52. 52. 52. 52. 52. 52. 52.
 52. 52. 52. 52. 52. 52. 52. 52. 52. 52. 52. 52. 52. 52. 52. 52. 52. 52.
 52. 52. 52. 52. 52. 52. 52. 52. 52. 52. 52. 52. 52. 52. 52. 52. 52. 52.
 52. 52. 52. 52. 52. 52. 52. 52. 52. 52. 52. 52. 52. 52. 52. 52. 52. 52.
 52. 52. 52. 52. 52. 52. 52. 52. 52. 52.]
GE_last = [52. 52. 52. 52. 52. 52. 52. 52. 52. 52. 52. 52. 52. 52. 52. 52. 52. 52.
 52. 52. 52. 52. 52. 52. 52. 52. 52. 52. 52. 52. 52. 52. 52. 52. 52. 52.
 52. 52. 52. 52. 52. 52. 52. 52. 52. 52. 52. 52. 52. 52. 52. 52. 52. 52.
 52. 52. 52. 52. 52. 52. 52. 52. 52. 52. 52. 52. 52. 52. 52. 52. 52. 52.
 52. 52. 52. 52. 52. 52. 52. 52. 52. 52. 52. 52. 52. 52. 52. 52. 52. 52.
 52. 52. 52. 52. 52. 52. 52. 52. 52. 52.]

bias = False
nonlinearity = <class 'torch.nn.modules.activation.ReLU'>
dimNodeSignals = [1, 1, 1, 1, 1]
nShiftTaps = [2, 2, 2, 2]
nFilterNodes = [50, 50, 50, 50]
dimLayersMLP = [9]

nFeatureBank = 1
nClasses = 9
k = 2
nLayers = 4
Feature Reduction = True
Class Reduction = True
Used Architecture = GCATNet
Edge Function = KNN Correlation
EdgeFn Threshold = 5

Runtime = 1784.3503805589862

Prediction = [[0.00011111 0.00011111 0.00011111 ... 0.00011111 0.00011111 0.00011111]
 [0.00011111 0.00011111 0.00011111 ... 0.00011111 0.00011111 0.00011111]
 [0.00011111 0.00011111 0.00011111 ... 0.00011111 0.00011111 0.00011111]
 ...
 [0.00011111 0.00011111 0.00011111 ... 0.00011111 0.00011111 0.00011111]
 [0.00011111 0.00011111 0.00011111 ... 0.00011111 0.00011111 0.00011111]
 [0.00011111 0.00011111 0.00011111 ... 0.00011111 0.00011111 0.00011111]]
costBest = 0.941
costLast = 0.941
GE_best = [126.18 138.63 127.03 125.08 122.77 120.34 119.52 119.34 118.56 116.17
 117.65 121.76 122.33 124.44 124.29 122.85 124.72 126.35 123.76 121.47
 123.59 126.23 124.94 127.27 126.57 126.94 127.15 127.67 126.34 125.73
 124.7  127.67 127.22 124.97 123.23 121.2  121.28 122.48 121.41 122.12
 121.15 123.45 123.5  124.06 123.61 121.91 120.21 119.33 120.41 120.21
 118.56 118.28 118.48 118.04 117.49 117.16 115.87 114.2  112.85 113.07
 112.46 113.88 113.82 113.33 114.75 114.86 115.6  115.63 115.68 115.26
 115.05 113.66 111.75 112.84 113.65 114.52 116.05 115.69 115.03 114.36
 115.04 115.16 116.1  115.95 116.23 115.61 115.65 114.22 113.92 113.04
 113.04 111.92 111.6  111.83 112.1  112.96 112.46 112.34 112.95 114.11]
GE_last = [125.23 127.68 121.62 123.6  128.76 126.43 127.74 126.46 122.6  123.93
 127.39 125.32 126.54 129.72 127.58 128.63 132.49 132.02 132.   130.97
 130.61 130.25 131.93 132.04 129.94 133.52 133.   134.09 136.18 136.94
 136.74 137.87 139.21 137.72 136.98 134.76 134.2  133.62 133.06 131.4
 131.02 130.99 130.72 131.57 131.83 132.35 133.1  132.64 132.64 131.94
 131.63 132.64 132.71 133.24 134.83 133.1  133.69 133.64 135.17 133.87
 133.58 132.45 132.78 134.58 134.16 133.38 129.97 130.09 129.36 129.12
 130.57 131.95 131.17 132.08 130.97 131.85 131.69 131.06 131.07 130.45
 130.33 130.54 130.12 130.64 130.59 129.23 130.79 131.98 132.72 132.79
 133.34 133.58 133.5  132.71 131.78 132.06 132.77 133.39 132.99 133.75]

bias = False
nonlinearity = <class 'torch.nn.modules.activation.ReLU'>
dimNodeSignals = [1, 1, 1, 1, 1]
nShiftTaps = [3, 3, 3, 3]
nFilterNodes = [50, 50, 50, 50]
dimLayersMLP = [9]

nFeatureBank = 1
nClasses = 9
k = 3
nLayers = 4
Feature Reduction = True
Class Reduction = True
Used Architecture = GCATNet
Edge Function = KNN Correlation
EdgeFn Threshold = 5

Runtime = 3140.8098260420375

Prediction = [[0.00011111 0.00011111 0.00011111 ... 0.00011111 0.00011111 0.00011111]
 [0.00011111 0.00011111 0.00011111 ... 0.00011111 0.00011111 0.00011111]
 [0.00011111 0.00011111 0.00011111 ... 0.00011111 0.00011111 0.00011111]
 ...
 [0.00011111 0.00011111 0.00011111 ... 0.00011111 0.00011111 0.00011111]
 [0.00011111 0.00011111 0.00011111 ... 0.00011111 0.00011111 0.00011111]
 [0.00011111 0.00011111 0.00011111 ... 0.00011111 0.00011111 0.00011111]]
costBest = 0.917
costLast = 0.917
GE_best = [137.11 142.11 134.81 130.31 133.31 130.07 128.27 126.13 127.36 129.64
 130.24 135.5  133.29 132.37 131.75 133.23 132.92 130.74 132.63 131.52
 131.24 129.98 131.87 133.31 135.78 136.57 138.13 136.17 134.45 134.22
 133.25 133.41 132.05 131.16 132.03 130.33 132.   130.81 131.43 131.49
 132.05 131.05 132.65 135.01 134.35 132.78 134.1  134.4  133.9  134.24
 133.86 132.97 134.19 135.88 136.67 135.08 133.78 135.53 135.3  135.32
 134.35 135.53 137.73 136.93 137.56 136.68 137.09 136.49 137.86 138.58
 137.79 137.99 137.59 137.91 136.92 136.17 134.71 136.47 137.63 137.94
 137.87 138.12 137.53 136.9  135.78 135.74 135.43 135.18 134.87 134.37
 134.77 135.79 135.35 135.95 136.86 136.69 136.7  135.47 134.93 135.33]
GE_last = [132.14 123.73 130.51 128.48 131.33 132.27 130.62 130.15 127.84 130.58
 129.66 129.5  128.35 125.16 123.89 122.38 120.14 121.34 121.67 120.35
 121.07 122.28 121.61 123.53 122.16 119.44 118.88 119.97 120.97 123.69
 123.01 121.7  120.83 121.7  120.84 120.58 121.48 120.84 120.32 118.48
 118.86 119.59 121.34 120.98 119.77 120.32 120.1  120.61 120.27 119.38
 119.36 119.36 122.08 121.16 122.48 121.6  122.49 122.42 123.99 121.38
 121.73 119.83 120.4  120.34 119.46 120.02 119.35 119.64 120.08 121.36
 121.6  121.73 122.45 122.23 121.86 122.03 122.07 122.82 124.39 124.77
 124.95 125.03 123.62 123.82 122.76 121.53 121.11 119.73 119.67 120.16
 120.67 119.32 120.56 119.76 120.08 120.29 120.13 118.71 118.38 117.  ]

bias = False
nonlinearity = <class 'torch.nn.modules.activation.ReLU'>
dimNodeSignals = [1, 1, 1, 1, 1]
nShiftTaps = [4, 4, 4, 4]
nFilterNodes = [50, 50, 50, 50]
dimLayersMLP = [9]

nFeatureBank = 1
nClasses = 9
k = 4
nLayers = 4
Feature Reduction = True
Class Reduction = True
Used Architecture = GCATNet
Edge Function = KNN Correlation
EdgeFn Threshold = 5

Runtime = 4770.082196709001

Prediction = [[0.00011111 0.00011111 0.00011111 ... 0.00011111 0.00011111 0.00011111]
 [0.00011111 0.00011111 0.00011111 ... 0.00011111 0.00011111 0.00011111]
 [0.00011111 0.00011111 0.00011111 ... 0.00011111 0.00011111 0.00011111]
 ...
 [0.00011111 0.00011111 0.00011111 ... 0.00011111 0.00011111 0.00011111]
 [0.00011111 0.00011111 0.00011111 ... 0.00011111 0.00011111 0.00011111]
 [0.00011111 0.00011111 0.00011111 ... 0.00011111 0.00011111 0.00011111]]
costBest = 0.942
costLast = 0.942
GE_best = [134.88 132.97 139.23 138.95 137.43 142.41 142.   144.68 148.52 147.65
 150.38 151.69 151.06 154.08 155.98 158.3  159.22 160.2  161.31 161.96
 163.59 164.79 167.44 168.77 170.4  171.77 171.07 172.71 173.5  176.22
 175.58 175.29 175.19 176.51 176.84 177.09 177.79 178.32 177.06 177.56
 178.75 179.64 180.67 180.43 181.69 183.09 184.2  183.53 183.44 185.07
 185.98 187.78 188.44 188.98 188.44 188.81 188.01 188.78 188.9  190.02
 190.47 190.64 191.24 191.16 190.98 190.76 190.52 189.92 187.99 188.09
 188.99 188.6  188.37 188.48 188.86 188.45 188.6  188.94 189.53 189.61
 191.15 191.63 192.7  192.67 194.75 194.52 194.02 194.23 194.17 194.45
 194.09 194.98 194.95 194.94 195.46 196.83 197.3  196.89 196.34 197.64]
GE_last = [116.08 130.88 129.76 125.3  125.23 131.33 135.7  135.84 136.13 137.55
 139.86 142.86 144.25 148.37 149.21 150.66 152.02 153.66 151.53 151.72
 153.61 155.9  156.48 157.12 159.05 161.05 160.75 162.88 164.14 165.18
 163.98 164.19 166.54 165.62 166.94 167.36 169.08 169.74 169.63 170.03
 169.36 170.69 170.84 173.   175.1  175.8  176.87 176.85 177.4  177.
 176.79 176.2  174.51 173.1  175.22 176.38 175.83 175.71 176.17 177.44
 176.04 176.08 177.8  178.92 178.5  179.17 180.32 180.96 181.49 180.81
 181.54 182.3  183.59 184.17 183.39 183.35 184.45 184.   185.69 185.08
 184.39 184.84 184.11 184.73 185.23 185.1  184.41 184.57 184.9  184.53
 184.56 183.78 183.33 183.32 181.57 181.51 180.76 181.39 182.44 183.29]

bias = False
nonlinearity = <class 'torch.nn.modules.activation.ReLU'>
dimNodeSignals = [1, 1, 1, 1, 1]
nShiftTaps = [5, 5, 5, 5]
nFilterNodes = [50, 50, 50, 50]
dimLayersMLP = [9]

nFeatureBank = 1
nClasses = 9
k = 5
nLayers = 4
Feature Reduction = True
Class Reduction = True
Used Architecture = GCATNet
Edge Function = KNN Correlation
EdgeFn Threshold = 5

Runtime = 7171.18539754604

Prediction = [[0.00011111 0.00011111 0.00011111 ... 0.00011111 0.00011111 0.00011111]
 [0.00011111 0.00011111 0.00011111 ... 0.00011111 0.00011111 0.00011111]
 [0.00011111 0.00011111 0.00011111 ... 0.00011111 0.00011111 0.00011111]
 ...
 [0.00011111 0.00011111 0.00011111 ... 0.00011111 0.00011111 0.00011111]
 [0.00011111 0.00011111 0.00011111 ... 0.00011111 0.00011111 0.00011111]
 [0.00011111 0.00011111 0.00011111 ... 0.00011111 0.00011111 0.00011111]]
costBest = 0.727
costLast = 0.727
GE_best = [128.51 128.29 126.44 127.51 133.22 133.13 134.38 135.41 138.98 137.15
 136.04 134.79 136.65 138.24 140.15 141.61 138.49 142.2  142.42 140.83
 137.17 136.92 138.21 136.31 136.56 136.55 133.41 133.43 133.82 133.83
 135.91 137.09 136.26 135.2  135.72 136.26 135.57 134.73 134.08 134.58
 135.86 136.98 137.62 137.9  139.98 143.64 143.08 143.77 141.91 142.6
 143.28 142.25 142.73 142.48 144.4  144.55 145.13 143.81 144.46 143.77
 143.33 143.9  143.53 143.47 143.18 143.4  143.33 143.84 144.27 144.82
 144.96 145.67 146.23 145.96 145.07 145.27 144.44 144.98 145.05 144.84
 143.8  143.08 143.38 143.94 142.09 141.43 141.2  141.59 140.94 140.5
 140.6  139.45 138.96 138.14 137.41 138.39 137.29 137.39 137.28 137.94]
GE_last = [141.3  133.91 133.22 126.43 128.07 128.27 133.17 132.66 128.05 129.5
 129.25 127.44 127.84 123.68 125.25 124.76 126.52 127.26 127.79 131.67
 131.97 128.13 129.75 126.39 125.28 127.42 126.6  124.29 123.17 124.05
 123.72 122.47 123.69 125.42 125.58 125.09 125.61 124.81 123.56 124.19
 121.52 122.96 125.05 126.2  125.48 124.16 125.21 125.6  126.39 125.77
 125.22 126.21 125.4  126.33 126.83 124.9  125.9  124.41 124.9  123.99
 123.5  125.35 125.6  125.56 125.01 126.59 126.51 126.43 126.49 126.12
 125.73 125.68 125.85 125.44 125.97 126.23 125.1  123.69 125.64 125.7
 125.03 124.87 125.64 125.94 125.48 126.11 124.08 124.14 126.17 126.28
 126.92 126.75 128.25 128.57 128.46 128.77 127.95 129.1  128.68 128.21]

bias = False
nonlinearity = <class 'torch.nn.modules.activation.ReLU'>
dimNodeSignals = [1, 2]
nShiftTaps = [1]
nFilterNodes = [50]
dimLayersMLP = [9]

nFeatureBank = 2
nClasses = 9
k = 1
nLayers = 1
Feature Reduction = True
Class Reduction = True
Used Architecture = GCATNet
Edge Function = KNN Correlation
EdgeFn Threshold = 5

Runtime = 180.61353509500623

Prediction = [[0.00011106 0.00011108 0.00011114 ... 0.0001112  0.00011108 0.00011119]
 [0.00011133 0.00011122 0.00011098 ... 0.00011124 0.00011116 0.00011126]
 [0.00011168 0.00011123 0.00011092 ... 0.00011118 0.00011115 0.00011129]
 ...
 [0.00011111 0.00011111 0.00011114 ... 0.00011101 0.00011107 0.00011115]
 [0.000111   0.00011087 0.00011125 ... 0.00011112 0.00011085 0.00011136]
 [0.0001111  0.00011106 0.00011113 ... 0.00011119 0.00011115 0.00011106]]
costBest = 0.955
costLast = 0.955
GE_best = [134.13 131.87 135.29 136.73 138.   132.06 133.21 133.71 136.92 138.31
 141.96 144.03 143.24 144.05 142.33 145.15 143.74 142.44 141.9  143.07
 145.51 145.7  147.11 149.43 148.99 148.97 149.37 150.99 152.1  152.54
 153.2  152.99 152.93 155.97 155.77 156.74 157.61 159.02 158.78 159.33
 159.29 161.58 162.54 162.11 164.56 163.87 164.31 164.38 166.83 165.92
 166.89 165.81 165.67 166.67 166.06 166.02 166.8  166.88 166.15 166.94
 166.93 166.48 165.76 166.96 166.71 168.65 169.76 170.24 169.64 169.06
 170.54 170.33 170.51 170.48 170.44 169.97 169.78 169.51 169.6  170.17
 172.31 172.92 173.57 174.2  174.68 173.87 175.33 176.44 176.97 178.4
 178.35 179.11 178.88 179.87 179.84 180.93 180.85 180.37 181.23 180.95]
GE_last = [135.13 149.59 146.93 144.65 149.46 151.4  148.41 146.6  148.63 149.14
 149.98 149.89 147.61 149.22 148.74 152.14 152.68 154.08 155.76 152.73
 154.14 155.42 155.12 156.99 157.97 158.69 157.9  158.45 159.16 160.32
 160.07 159.2  160.45 163.29 165.54 165.56 166.53 166.58 164.61 164.95
 165.48 166.91 168.79 168.53 170.22 172.08 171.42 172.93 173.09 171.13
 172.25 171.59 173.23 174.73 174.79 175.05 174.9  176.36 177.   177.12
 177.7  178.15 178.11 179.   177.76 177.96 179.04 179.41 178.82 178.33
 178.35 178.18 176.73 177.88 178.07 178.62 180.36 180.56 180.42 182.1
 182.97 184.55 184.69 183.83 184.06 184.41 185.08 184.35 183.86 184.
 185.54 185.79 186.17 185.59 186.32 186.67 187.05 186.47 187.11 186.42]

bias = False
nonlinearity = <class 'torch.nn.modules.activation.ReLU'>
dimNodeSignals = [1, 2]
nShiftTaps = [2]
nFilterNodes = [50]
dimLayersMLP = [9]

nFeatureBank = 2
nClasses = 9
k = 2
nLayers = 1
Feature Reduction = True
Class Reduction = True
Used Architecture = GCATNet
Edge Function = KNN Correlation
EdgeFn Threshold = 5

Runtime = 462.7652249969542

Prediction = [[0.00011109 0.00011114 0.0001111  ... 0.00011112 0.00011112 0.0001111 ]
 [0.0001111  0.00011112 0.00011111 ... 0.00011111 0.00011112 0.00011111]
 [0.0001111  0.00011112 0.00011111 ... 0.00011112 0.00011111 0.00011109]
 ...
 [0.00011112 0.00011113 0.0001111  ... 0.0001111  0.00011111 0.0001111 ]
 [0.0001111  0.00011113 0.00011111 ... 0.00011111 0.00011111 0.0001111 ]
 [0.0001111  0.00011112 0.00011112 ... 0.00011111 0.00011111 0.00011111]]
costBest = 0.948
costLast = 0.948
GE_best = [100.73 114.88 116.2  114.03 109.52 109.76 107.61 108.52 108.1  107.61
 105.24 107.03 107.58 105.86 104.79 102.63 103.27 100.71 101.6  100.
 101.09 104.29 107.91 106.83 105.55 107.46 106.89 105.68 106.1  107.79
 107.08 108.14 108.74 111.89 112.42 112.61 114.38 114.98 114.15 116.22
 117.37 117.66 117.67 116.99 118.33 116.82 117.29 116.13 115.98 114.23
 113.32 113.14 113.74 114.9  112.45 113.14 112.17 111.84 111.88 111.67
 111.63 111.19 111.22 109.89 110.17 110.24 109.39 109.67 109.87 110.32
 108.23 106.88 105.5  105.75 106.84 107.71 108.68 108.95 110.22 110.56
 109.84 109.24 108.93 107.69 107.17 106.8  106.58 107.01 105.48 105.49
 106.71 106.66 105.84 106.79 107.46 105.91 106.76 107.9  107.11 108.66]
GE_last = [121.86 135.7  138.36 135.9  136.69 134.58 135.31 138.01 136.91 135.63
 137.09 139.06 137.88 135.95 135.88 138.32 141.17 141.98 141.74 143.76
 142.55 139.25 137.97 137.22 136.54 137.36 137.63 135.04 134.86 135.3
 133.23 134.74 133.54 135.9  136.69 138.28 136.18 138.17 138.42 139.24
 138.95 138.4  134.94 135.32 136.02 134.58 134.98 135.48 137.52 134.43
 132.1  132.24 132.84 132.39 130.2  130.17 130.21 131.46 133.03 131.97
 131.5  128.8  128.3  127.84 127.55 126.86 128.31 128.16 129.99 131.69
 131.69 130.02 129.77 129.89 129.21 129.55 128.52 128.61 126.44 126.45
 126.73 126.65 127.28 128.74 127.27 127.64 127.83 128.94 127.66 125.87
 126.21 126.26 124.35 124.96 124.68 123.32 122.61 123.87 124.4  125.21]

bias = False
nonlinearity = <class 'torch.nn.modules.activation.ReLU'>
dimNodeSignals = [1, 2]
nShiftTaps = [3]
nFilterNodes = [50]
dimLayersMLP = [9]

nFeatureBank = 2
nClasses = 9
k = 3
nLayers = 1
Feature Reduction = True
Class Reduction = True
Used Architecture = GCATNet
Edge Function = KNN Correlation
EdgeFn Threshold = 5

Runtime = 839.813677815022

Prediction = [[0.00011111 0.00011112 0.0001111  ... 0.00011108 0.00011112 0.00011109]
 [0.00011111 0.00011111 0.00011111 ... 0.0001111  0.00011111 0.00011111]
 [0.00011111 0.0001111  0.0001111  ... 0.00011109 0.00011111 0.00011111]
 ...
 [0.00011115 0.00011109 0.00011112 ... 0.00011108 0.00011108 0.00011115]
 [0.00011117 0.0001111  0.00011118 ... 0.00011109 0.00011113 0.00011103]
 [0.00011111 0.00011111 0.0001111  ... 0.0001111  0.00011112 0.0001111 ]]
costBest = 0.805
costLast = 0.805
GE_best = [134.97 132.1  131.59 138.02 136.62 140.5  143.36 146.54 148.66 145.54
 145.11 146.83 147.01 146.42 147.14 147.3  147.68 149.4  147.48 147.72
 148.32 151.06 152.29 153.94 155.35 153.64 153.77 156.78 158.8  158.6
 158.24 159.23 159.41 160.36 162.86 163.39 165.29 167.22 168.99 170.81
 171.14 172.29 171.95 172.19 170.95 172.49 173.2  174.1  173.38 174.29
 174.82 174.73 176.11 176.38 177.99 179.76 179.35 180.63 180.52 182.23
 182.54 182.19 182.56 183.9  183.44 183.04 183.   183.65 184.25 183.38
 184.46 184.82 186.59 187.48 188.33 189.97 190.05 190.41 190.61 190.81
 190.66 190.81 190.54 191.49 192.08 191.48 190.71 190.59 191.17 192.79
 192.81 192.8  192.08 193.1  194.14 194.54 196.08 196.24 196.93 197.48]
GE_last = [130.47 141.2  142.01 145.8  148.66 152.02 153.37 155.77 152.66 152.08
 155.89 160.98 161.33 161.37 161.69 165.1  166.92 165.71 166.67 165.96
 168.97 169.48 169.08 172.1  178.08 174.92 175.74 176.8  177.41 176.27
 176.38 177.64 177.5  178.69 179.29 179.15 179.18 179.54 181.41 183.76
 184.75 185.6  185.67 185.63 185.64 186.82 185.3  186.2  187.17 186.52
 185.69 186.32 187.6  185.15 185.98 186.29 186.74 190.1  190.89 190.79
 191.93 192.75 191.69 192.6  191.86 192.56 193.13 192.6  192.52 192.47
 193.52 192.18 191.56 191.81 192.03 189.94 190.38 192.22 191.95 190.88
 191.57 190.78 191.83 191.6  191.79 193.26 194.17 194.35 194.98 194.89
 194.67 193.42 194.38 195.46 195.6  196.73 197.65 198.47 197.38 197.47]

bias = False
nonlinearity = <class 'torch.nn.modules.activation.ReLU'>
dimNodeSignals = [1, 2]
nShiftTaps = [4]
nFilterNodes = [50]
dimLayersMLP = [9]

nFeatureBank = 2
nClasses = 9
k = 4
nLayers = 1
Feature Reduction = True
Class Reduction = True
Used Architecture = GCATNet
Edge Function = KNN Correlation
EdgeFn Threshold = 5

Runtime = 1195.64864494605

Prediction = [[0.0001111  0.0001111  0.00011109 ... 0.00011112 0.00011116 0.00011112]
 [0.00011107 0.00011109 0.00011106 ... 0.00011113 0.00011113 0.00011107]
 [0.00011106 0.00011109 0.00011105 ... 0.00011113 0.00011114 0.00011102]
 ...
 [0.00011111 0.0001111  0.00011112 ... 0.00011112 0.00011111 0.00011111]
 [0.00011111 0.00011111 0.00011114 ... 0.00011112 0.00011114 0.00011114]
 [0.00011111 0.0001111  0.0001111  ... 0.00011112 0.00011112 0.00011111]]
costBest = 0.879
costLast = 0.879
GE_best = [124.07 129.27 133.66 131.85 138.81 137.94 141.18 140.43 145.03 147.93
 149.2  147.28 147.24 148.96 149.77 152.12 157.09 158.95 159.8  161.68
 164.88 164.59 166.5  167.01 165.21 165.52 167.47 166.86 169.65 171.54
 170.33 170.82 171.72 173.51 171.18 173.34 173.22 174.48 177.68 177.55
 177.12 178.83 178.93 181.07 180.33 180.33 181.14 179.33 180.14 180.96
 179.42 179.38 179.7  180.63 180.48 182.04 182.25 183.1  181.02 183.45
 184.62 186.23 186.93 187.18 187.09 187.49 188.77 188.28 187.91 188.87
 188.4  187.99 188.42 189.66 189.63 189.27 189.32 189.32 189.65 191.29
 192.25 192.59 192.77 192.52 192.92 192.81 192.07 193.93 193.31 193.41
 193.98 193.65 195.   195.25 197.12 197.89 198.41 199.4  200.86 201.51]
GE_last = [134.57 131.78 127.21 134.64 136.7  141.92 135.53 143.25 148.76 148.9
 152.04 155.17 157.77 158.37 159.   161.78 160.83 163.25 165.02 165.44
 165.2  164.88 163.02 163.66 164.34 165.41 166.72 167.7  169.82 170.03
 170.74 170.97 171.54 173.42 173.5  174.33 174.36 173.99 175.05 175.03
 174.11 175.18 176.7  176.51 175.5  175.96 175.87 176.29 177.38 175.94
 177.25 179.38 178.9  180.18 181.91 181.31 183.89 184.09 184.42 183.73
 184.9  185.65 185.86 185.69 186.5  184.94 185.27 187.91 187.56 189.38
 189.66 190.2  190.86 191.73 190.22 191.03 192.34 192.57 191.97 191.28
 191.44 191.92 192.55 193.1  193.4  196.25 196.53 196.47 197.18 197.56
 198.03 199.38 199.23 198.62 199.16 198.95 199.43 200.01 200.89 200.77]

bias = False
nonlinearity = <class 'torch.nn.modules.activation.ReLU'>
dimNodeSignals = [1, 2]
nShiftTaps = [5]
nFilterNodes = [50]
dimLayersMLP = [9]

nFeatureBank = 2
nClasses = 9
k = 5
nLayers = 1
Feature Reduction = True
Class Reduction = True
Used Architecture = GCATNet
Edge Function = KNN Correlation
EdgeFn Threshold = 5

Runtime = 1730.666272758972

Prediction = [[0.00011111 0.00011111 0.00011111 ... 0.00011111 0.00011111 0.00011111]
 [0.00011111 0.00011111 0.00011111 ... 0.00011111 0.00011111 0.00011111]
 [0.00011111 0.00011111 0.00011111 ... 0.00011111 0.00011111 0.00011111]
 ...
 [0.00011111 0.00011111 0.00011111 ... 0.00011111 0.00011111 0.00011111]
 [0.00011111 0.00011111 0.00011111 ... 0.00011111 0.00011112 0.00011111]
 [0.00011111 0.00011111 0.00011111 ... 0.00011111 0.00011111 0.00011111]]
costBest = 0.832
costLast = 0.832
GE_best = [132.84 140.33 136.92 134.27 136.96 137.39 135.   140.57 134.55 134.98
 133.68 133.82 134.22 132.   135.41 135.75 133.51 134.2  132.86 133.47
 131.54 130.92 127.79 126.24 126.02 123.57 123.58 124.08 125.3  125.75
 125.15 128.09 128.12 129.16 129.42 129.2  130.05 131.36 130.76 130.59
 130.89 128.78 130.12 130.06 129.09 130.69 130.36 130.55 132.71 133.02
 133.18 134.34 134.98 135.46 135.53 138.43 139.95 140.03 138.64 138.51
 139.43 140.94 140.5  141.4  139.46 140.86 138.62 137.93 138.31 137.35
 137.96 136.65 136.04 135.7  136.9  138.39 139.24 139.55 139.03 139.32
 140.68 140.27 140.85 142.5  141.53 141.43 141.15 141.7  142.49 140.55
 140.42 141.11 140.29 141.17 141.6  143.5  142.22 142.09 141.65 141.31]
GE_last = [121.56 132.57 139.5  142.53 139.93 143.08 142.05 137.63 141.13 140.76
 141.65 137.84 137.96 137.81 138.75 138.83 140.32 137.86 135.75 132.71
 130.45 130.6  130.21 132.64 133.97 131.67 130.13 130.22 131.72 131.62
 133.92 131.99 132.89 129.66 131.28 130.15 128.16 129.99 131.31 131.86
 131.45 131.51 131.73 131.92 131.42 129.24 130.4  130.89 131.03 130.57
 130.33 131.58 132.55 133.1  131.53 132.14 133.38 132.55 133.53 134.48
 134.77 135.09 136.42 136.26 135.29 135.6  136.24 135.64 136.52 135.41
 135.93 135.86 136.99 137.73 137.04 136.72 137.61 138.44 138.36 138.96
 137.6  138.32 136.66 137.22 138.1  138.82 137.05 138.05 137.09 137.88
 137.34 137.31 138.26 138.72 139.53 141.   141.63 141.3  140.33 139.62]

bias = False
nonlinearity = <class 'torch.nn.modules.activation.ReLU'>
dimNodeSignals = [1, 2, 2]
nShiftTaps = [1, 1]
nFilterNodes = [50, 50]
dimLayersMLP = [9]

nFeatureBank = 2
nClasses = 9
k = 1
nLayers = 2
Feature Reduction = True
Class Reduction = True
Used Architecture = GCATNet
Edge Function = KNN Correlation
EdgeFn Threshold = 5

Runtime = 275.48845870699733

Prediction = [[0.00011111 0.00011111 0.00011111 ... 0.00011111 0.00011111 0.00011111]
 [0.00011111 0.00011111 0.00011111 ... 0.00011111 0.00011111 0.00011111]
 [0.00011111 0.00011111 0.00011111 ... 0.00011111 0.00011111 0.00011111]
 ...
 [0.00011111 0.00011111 0.00011111 ... 0.00011111 0.00011111 0.00011111]
 [0.00011111 0.00011111 0.00011111 ... 0.00011111 0.00011111 0.00011111]
 [0.00011111 0.00011111 0.00011111 ... 0.00011111 0.00011111 0.00011111]]
costBest = 0.84
costLast = 0.84
GE_best = [134.25 136.43 137.45 144.61 150.58 150.86 151.41 151.9  150.22 152.62
 155.12 156.3  157.12 155.63 155.15 154.92 156.06 154.82 155.12 153.2
 155.61 159.88 156.68 155.22 154.79 154.97 155.   155.54 154.81 153.69
 155.61 153.39 153.6  156.01 155.68 155.82 156.27 154.76 153.95 156.89
 159.1  156.68 157.72 156.29 154.87 156.52 155.46 157.47 156.58 156.39
 157.68 158.14 158.67 157.97 158.46 157.31 157.91 159.09 160.11 159.83
 161.61 160.74 160.49 162.09 163.54 164.03 164.36 165.86 166.55 167.14
 166.31 166.38 165.27 166.68 169.26 169.98 171.22 171.45 170.41 169.91
 169.84 170.47 169.69 169.72 169.46 169.65 167.35 167.3  167.07 168.28
 169.29 168.55 169.26 168.54 169.5  168.93 169.96 170.4  171.4  171.87]
GE_last = [125.73 127.02 131.79 132.78 136.4  136.09 138.84 133.67 134.71 131.36
 134.69 134.92 137.02 137.13 138.14 138.45 137.34 135.67 136.4  137.06
 141.04 142.33 144.45 144.03 146.4  144.29 145.96 146.8  148.66 147.82
 147.99 149.78 150.23 151.13 152.11 152.35 152.7  150.64 151.12 150.25
 149.79 147.5  146.36 145.86 147.34 149.2  147.07 146.62 147.91 146.96
 148.19 150.77 153.51 153.75 153.37 153.73 155.77 155.72 157.85 159.57
 159.1  161.71 163.74 164.69 166.63 166.96 165.81 166.18 165.89 166.33
 168.56 168.81 168.28 167.74 166.14 164.6  165.2  166.37 166.69 167.1
 166.28 167.01 167.5  166.41 166.16 166.27 167.19 166.82 166.89 167.18
 167.63 168.54 168.76 168.96 167.95 167.9  168.85 168.17 168.37 168.82]

bias = False
nonlinearity = <class 'torch.nn.modules.activation.ReLU'>
dimNodeSignals = [1, 2, 2]
nShiftTaps = [2, 2]
nFilterNodes = [50, 50]
dimLayersMLP = [9]

nFeatureBank = 2
nClasses = 9
k = 2
nLayers = 2
Feature Reduction = True
Class Reduction = True
Used Architecture = GCATNet
Edge Function = KNN Correlation
EdgeFn Threshold = 5

Runtime = 841.6013605301268

Prediction = [[0.00011111 0.00011111 0.00011111 ... 0.00011111 0.00011111 0.00011111]
 [0.00011111 0.00011111 0.00011111 ... 0.00011111 0.00011111 0.00011111]
 [0.00011111 0.00011111 0.00011111 ... 0.00011111 0.00011111 0.00011111]
 ...
 [0.00011111 0.00011111 0.00011111 ... 0.00011111 0.00011111 0.00011111]
 [0.00011111 0.00011111 0.00011111 ... 0.00011111 0.00011111 0.00011111]
 [0.00011111 0.00011111 0.00011111 ... 0.00011111 0.00011111 0.00011111]]
costBest = 0.877
costLast = 0.877
GE_best = [131.87 138.32 137.47 144.23 142.46 135.69 132.65 139.98 141.94 138.47
 139.56 139.77 135.06 136.91 137.9  138.   134.37 139.04 140.73 139.34
 139.64 139.22 138.67 140.59 137.27 137.15 138.65 141.51 143.88 142.37
 140.62 141.66 140.07 141.94 141.29 139.94 141.07 141.58 141.46 142.58
 141.58 142.05 140.85 142.21 140.19 140.01 140.48 139.94 141.4  140.62
 141.32 140.65 138.79 138.53 139.11 139.28 139.33 141.27 140.84 142.78
 142.42 142.52 143.38 144.02 145.24 145.45 146.63 148.78 149.2  150.34
 150.99 150.77 150.86 151.19 152.18 152.05 153.04 152.74 150.68 150.72
 150.36 150.7  151.54 151.69 153.09 154.64 154.16 155.26 156.14 155.62
 156.17 156.31 158.26 158.66 158.26 156.69 157.07 156.3  157.47 156.73]
GE_last = [131.86 128.33 126.87 125.31 131.44 132.52 133.81 135.07 135.05 134.33
 133.51 135.97 137.02 137.24 137.88 138.97 138.59 138.95 138.57 138.62
 136.96 134.64 131.78 133.99 135.62 134.1  133.94 138.01 139.03 138.7
 137.18 136.36 134.59 135.07 135.94 137.42 137.79 139.87 139.4  137.86
 138.49 138.   138.15 139.32 140.26 141.28 143.18 143.02 143.02 141.89
 139.84 140.05 140.36 139.   136.75 136.79 137.27 137.19 135.45 135.39
 134.74 135.2  136.49 136.51 136.55 136.27 137.24 136.98 136.45 135.58
 137.23 137.49 137.86 137.4  139.04 140.01 139.72 139.96 139.55 140.41
 140.27 139.66 140.51 140.48 140.93 140.4  140.86 141.74 142.68 143.62
 143.54 142.6  143.13 141.91 142.9  142.75 142.97 142.84 140.83 140.82]

bias = False
nonlinearity = <class 'torch.nn.modules.activation.ReLU'>
dimNodeSignals = [1, 2, 2]
nShiftTaps = [3, 3]
nFilterNodes = [50, 50]
dimLayersMLP = [9]

nFeatureBank = 2
nClasses = 9
k = 3
nLayers = 2
Feature Reduction = True
Class Reduction = True
Used Architecture = GCATNet
Edge Function = KNN Correlation
EdgeFn Threshold = 5

Runtime = 1717.1785327182151

Prediction = [[0.00011111 0.00011111 0.00011111 ... 0.00011111 0.00011111 0.00011111]
 [0.00011111 0.00011111 0.00011111 ... 0.00011111 0.00011111 0.00011111]
 [0.00011111 0.00011111 0.00011111 ... 0.00011111 0.00011111 0.00011111]
 ...
 [0.00011111 0.00011111 0.00011111 ... 0.00011111 0.00011111 0.00011111]
 [0.00011111 0.00011111 0.00011111 ... 0.00011111 0.00011111 0.00011111]
 [0.00011111 0.00011111 0.00011111 ... 0.00011111 0.00011111 0.00011111]]
costBest = 0.874
costLast = 0.874
GE_best = [114.73 118.64 122.76 122.6  124.91 122.81 122.67 119.15 120.73 120.41
 120.31 119.4  123.62 124.41 120.88 121.55 121.89 121.25 117.61 117.88
 120.31 119.4  122.63 121.63 124.7  125.6  125.61 127.26 126.43 127.42
 127.11 126.08 127.53 126.51 128.4  126.32 122.28 123.51 123.93 121.77
 121.62 120.91 120.77 120.44 118.78 118.68 119.81 120.52 119.38 117.4
 116.82 116.86 115.79 116.47 115.92 114.37 112.86 112.5  113.99 114.35
 115.75 117.2  118.23 118.4  118.59 118.   119.2  117.94 117.89 118.82
 117.56 117.35 117.86 118.08 119.07 118.   118.49 117.97 117.96 119.17
 118.5  118.24 117.86 118.25 119.67 119.52 118.68 119.26 118.94 118.73
 118.83 120.13 119.22 119.53 119.75 118.76 120.11 120.34 121.87 120.36]
GE_last = [119.82 121.12 130.78 126.07 120.38 120.25 117.4  119.66 116.26 111.49
 115.31 113.14 112.76 110.55 112.82 114.17 111.67 109.22 110.36 112.2
 111.78 113.96 114.02 114.47 112.98 112.82 112.88 110.11 108.45 108.25
 110.89 110.9  111.86 114.59 114.61 116.51 116.17 116.08 116.12 116.38
 118.35 118.62 118.15 119.04 120.4  121.03 121.79 122.7  123.07 123.38
 123.06 122.78 122.13 122.46 121.99 120.57 121.2  121.61 121.16 121.66
 121.22 119.22 119.33 119.33 119.12 118.42 117.9  117.27 117.6  119.77
 118.41 116.93 115.72 114.32 113.66 112.46 113.69 113.67 113.25 112.12
 113.63 113.42 113.08 112.08 111.37 111.51 112.71 112.44 111.95 111.63
 111.26 110.89 112.   112.36 112.63 113.1  113.09 114.26 113.72 113.53]

bias = False
nonlinearity = <class 'torch.nn.modules.activation.ReLU'>
dimNodeSignals = [1, 2, 2]
nShiftTaps = [4, 4]
nFilterNodes = [50, 50]
dimLayersMLP = [9]

nFeatureBank = 2
nClasses = 9
k = 4
nLayers = 2
Feature Reduction = True
Class Reduction = True
Used Architecture = GCATNet
Edge Function = KNN Correlation
EdgeFn Threshold = 5

Runtime = 2713.1477275309153

Prediction = [[0.00011111 0.00011111 0.00011111 ... 0.00011111 0.00011111 0.00011111]
 [0.00011111 0.00011111 0.00011111 ... 0.00011111 0.00011111 0.00011111]
 [0.00011111 0.00011111 0.00011111 ... 0.00011111 0.00011111 0.00011111]
 ...
 [0.00011111 0.00011111 0.00011111 ... 0.00011111 0.00011111 0.00011111]
 [0.00011111 0.00011111 0.00011111 ... 0.00011111 0.00011111 0.00011111]
 [0.00011111 0.00011111 0.00011111 ... 0.00011111 0.00011111 0.00011111]]
costBest = 0.835
costLast = 0.835
GE_best = [131.44 136.93 135.44 132.11 131.36 128.78 127.94 125.91 126.36 130.08
 129.75 129.72 127.23 125.32 124.73 124.89 123.06 122.88 121.9  121.8
 122.78 121.1  119.23 119.11 119.9  119.86 119.03 116.66 115.79 115.88
 111.93 111.03 110.23 109.65 108.53 109.43 109.27 109.   109.29 109.27
 109.8  110.31 110.06 108.32 109.11 109.98 109.66 109.18 108.04 107.67
 107.89 106.23 107.31 106.01 107.28 107.25 107.55 108.87 109.62 108.38
 108.79 107.76 108.   107.48 107.78 107.66 108.41 109.4  108.26 107.
 108.31 108.2  108.27 109.33 108.02 108.04 107.93 108.65 108.36 107.87
 107.63 107.34 107.38 107.53 107.01 106.32 106.21 105.87 106.27 104.35
 105.19 106.94 107.66 108.1  108.38 108.   109.08 109.55 108.11 108.77]
GE_last = [133.04 132.28 129.86 121.11 121.29 121.85 120.75 118.31 115.99 117.17
 116.34 115.52 115.57 114.33 114.12 116.52 118.28 118.48 120.47 120.88
 120.03 119.21 119.16 117.42 119.13 118.   116.51 115.7  115.36 115.91
 115.33 116.23 115.51 113.53 111.25 109.85 108.68 109.71 109.17 109.53
 110.09 114.16 113.61 114.55 115.3  114.8  114.79 115.01 116.07 116.86
 115.59 114.13 113.85 114.25 113.75 114.08 112.78 114.82 115.05 115.25
 115.37 115.48 116.17 115.75 115.71 116.93 115.28 114.02 113.08 112.34
 112.51 113.79 113.58 112.84 111.99 113.23 112.98 112.4  113.23 111.63
 113.68 114.68 115.2  116.04 115.82 116.01 115.95 114.75 113.   111.1
 110.86 110.18 110.79 112.14 112.89 113.29 114.41 114.79 113.29 113.59]

bias = False
nonlinearity = <class 'torch.nn.modules.activation.ReLU'>
dimNodeSignals = [1, 2, 2]
nShiftTaps = [5, 5]
nFilterNodes = [50, 50]
dimLayersMLP = [9]

nFeatureBank = 2
nClasses = 9
k = 5
nLayers = 2
Feature Reduction = True
Class Reduction = True
Used Architecture = GCATNet
Edge Function = KNN Correlation
EdgeFn Threshold = 5

Runtime = 3926.997545175953

Prediction = [[0.00011111 0.00011111 0.00011111 ... 0.00011111 0.00011111 0.00011111]
 [0.00011111 0.00011111 0.00011111 ... 0.00011111 0.00011111 0.00011111]
 [0.00011111 0.00011111 0.00011111 ... 0.00011111 0.00011111 0.00011111]
 ...
 [0.00011111 0.00011111 0.00011111 ... 0.00011111 0.00011111 0.00011111]
 [0.00011111 0.00011111 0.00011111 ... 0.00011111 0.00011111 0.00011111]
 [0.00011111 0.00011111 0.00011111 ... 0.00011111 0.00011111 0.00011111]]
costBest = 0.841
costLast = 0.841
GE_best = [130.65 115.66 120.91 109.6  116.27 117.22 126.13 123.25 123.71 122.8
 123.73 127.89 125.24 123.2  123.48 119.78 120.43 123.69 123.1  120.53
 120.51 120.83 120.01 117.62 116.5  116.11 117.01 117.83 117.76 117.44
 117.93 114.76 114.66 113.03 110.88 110.53 112.12 109.58 110.43 110.41
 113.18 113.44 112.94 110.67 111.09 109.56 111.26 112.55 113.21 112.1
 111.66 110.46 110.32 111.25 111.01 111.51 111.44 109.43 109.22 111.15
 110.31 109.16 108.9  108.71 108.92 109.7  109.35 108.71 107.5  107.58
 108.98 109.03 110.77 108.92 109.13 109.94 109.05 108.6  108.91 108.47
 107.76 106.87 104.87 105.24 104.91 105.7  105.71 106.63 107.53 107.64
 107.16 106.76 107.05 106.76 106.69 105.03 105.05 104.47 103.01 103.03]
GE_last = [123.73 131.43 126.52 125.48 121.97 122.96 128.99 128.79 128.31 127.55
 126.45 123.08 125.86 124.96 127.09 126.98 127.59 124.52 124.01 121.87
 122.01 126.14 123.06 124.8  126.34 125.67 124.99 124.81 123.46 121.9
 121.56 122.84 123.75 121.77 120.54 122.16 122.59 122.31 121.1  120.21
 118.73 117.56 116.53 114.22 112.04 112.84 113.13 112.16 110.74 109.63
 110.71 108.89 110.   107.02 107.94 109.   110.16 110.12 109.63 108.5
 106.92 106.96 106.62 107.07 107.26 107.78 106.71 105.33 105.72 104.33
 105.08 103.91 102.78 103.39 101.64 101.34 100.53  99.69  98.72  98.83
  98.65  99.45 100.27  99.93 100.16  99.16 100.05  99.84  97.64  98.86
  99.11  99.51 100.51  99.33  99.59  97.26  96.95  96.48  95.88  95.6 ]

bias = False
nonlinearity = <class 'torch.nn.modules.activation.ReLU'>
dimNodeSignals = [1, 2, 2, 2]
nShiftTaps = [1, 1, 1]
nFilterNodes = [50, 50, 50]
dimLayersMLP = [9]

nFeatureBank = 2
nClasses = 9
k = 1
nLayers = 3
Feature Reduction = True
Class Reduction = True
Used Architecture = GCATNet
Edge Function = KNN Correlation
EdgeFn Threshold = 5

Runtime = 377.15917192795314

Prediction = [[0.00011111 0.00011111 0.00011111 ... 0.00011111 0.00011111 0.00011111]
 [0.00011111 0.00011111 0.00011111 ... 0.00011111 0.00011111 0.00011111]
 [0.00011111 0.00011111 0.00011111 ... 0.00011111 0.00011111 0.00011111]
 ...
 [0.00011111 0.00011111 0.00011111 ... 0.00011111 0.00011111 0.00011111]
 [0.00011111 0.00011111 0.00011111 ... 0.00011111 0.00011111 0.00011111]
 [0.00011111 0.00011111 0.00011111 ... 0.00011111 0.00011111 0.00011111]]
costBest = 0.858
costLast = 0.858
GE_best = [121.29 113.25 112.4  117.38 115.   113.85 108.47 102.87 102.29 100.32
  99.34  97.1   95.27  94.71  90.65  89.5   83.84  82.5   81.85  81.89
  81.85  83.1   80.41  77.27  76.6   73.7   72.19  70.91  68.22  65.31
  65.02  63.03  62.43  59.68  57.42  54.65  54.3   54.53  55.39  56.23
  54.96  54.32  53.29  52.07  48.87  47.99  47.07  46.38  45.17  44.91
  42.31  39.85  38.56  36.05  36.5   36.9   36.24  37.01  36.36  36.66
  35.91  35.81  34.81  35.54  35.14  34.62  33.95  33.61  33.68  34.28
  33.98  33.2   34.15  32.86  32.28  32.59  30.97  30.65  30.87  28.84
  29.01  28.83  28.41  29.02  29.02  27.86  26.65  25.95  25.76  26.05
  26.3   25.53  25.53  25.59  25.78  25.37  25.81  25.55  25.01  25.29]
GE_last = [121.69 112.82 111.95 107.17 106.28 104.31 104.55 103.85 100.42 102.09
  99.68 100.8   95.25  95.51  96.03  88.75  90.59  88.69  85.42  86.53
  87.02  82.31  80.72  81.09  76.31  71.67  71.51  70.61  70.73  70.04
  70.02  70.12  71.59  69.74  68.94  68.49  68.12  68.12  66.87  64.97
  64.52  62.63  61.65  60.6   60.63  60.39  61.26  58.46  57.13  56.63
  56.78  56.43  56.58  54.18  54.24  54.87  54.93  53.38  52.17  50.5
  49.95  48.97  49.28  49.13  48.22  46.76  45.84  45.19  44.8   43.67
  43.37  43.22  43.05  43.32  42.12  42.06  39.92  38.86  39.36  38.01
  37.18  36.15  35.63  35.32  35.07  35.03  35.13  34.51  33.67  33.29
  33.54  33.17  32.42  32.26  32.36  32.55  33.11  33.02  32.24  32.42]

bias = False
nonlinearity = <class 'torch.nn.modules.activation.ReLU'>
dimNodeSignals = [1, 2, 2, 2]
nShiftTaps = [2, 2, 2]
nFilterNodes = [50, 50, 50]
dimLayersMLP = [9]

nFeatureBank = 2
nClasses = 9
k = 2
nLayers = 3
Feature Reduction = True
Class Reduction = True
Used Architecture = GCATNet
Edge Function = KNN Correlation
EdgeFn Threshold = 5

Runtime = 1420.1359353989828

Prediction = [[0.00011111 0.00011111 0.00011111 ... 0.00011111 0.00011111 0.00011111]
 [0.00011111 0.00011111 0.00011111 ... 0.00011111 0.00011111 0.00011111]
 [0.00011111 0.00011111 0.00011111 ... 0.00011111 0.00011111 0.00011111]
 ...
 [0.00011111 0.00011111 0.00011111 ... 0.00011111 0.00011111 0.00011111]
 [0.00011111 0.00011111 0.00011111 ... 0.00011111 0.00011111 0.00011111]
 [0.00011111 0.00011111 0.00011111 ... 0.00011111 0.00011111 0.00011111]]
costBest = 0.811
costLast = 0.811
GE_best = [116.35 118.12 110.26 110.55 123.81 123.21 119.32 120.86 128.39 128.76
 132.9  135.04 137.87 137.82 135.07 133.21 135.77 136.45 131.54 128.97
 128.99 130.48 130.52 129.54 132.85 132.95 134.1  134.08 135.92 134.86
 135.95 135.16 134.09 135.68 136.78 136.62 134.04 133.17 132.6  133.43
 134.28 135.22 135.07 136.49 137.81 139.38 140.28 138.55 138.6  138.78
 138.84 137.02 137.72 137.19 138.06 138.95 138.85 138.56 138.52 138.27
 138.99 138.61 136.68 136.89 137.52 138.26 138.25 137.16 137.24 136.63
 136.78 137.98 138.26 138.68 138.82 139.11 138.97 138.27 139.86 140.6
 141.09 141.3  142.11 142.4  142.04 141.4  141.49 139.8  139.98 140.97
 140.6  140.58 139.63 139.8  139.92 140.39 138.5  139.77 139.46 140.35]
GE_last = [108.25 116.74 121.74 125.03 126.37 126.01 126.17 126.74 128.78 132.95
 128.78 128.33 125.3  125.09 125.18 124.64 125.46 124.2  122.76 123.32
 124.49 122.5  126.67 130.02 128.2  128.53 128.56 128.52 127.74 128.87
 130.78 130.47 130.07 130.   131.15 131.4  129.7  132.27 132.52 132.44
 133.13 130.68 130.99 131.67 132.6  132.1  130.92 129.75 131.43 130.39
 130.34 129.5  128.03 127.01 126.47 124.86 124.82 125.81 125.03 126.5
 125.88 126.57 126.71 126.41 127.45 126.82 127.47 128.44 128.13 126.07
 124.44 124.35 125.65 126.17 127.99 128.7  129.85 130.74 131.58 131.04
 130.55 131.8  132.55 132.6  132.14 132.03 131.7  131.47 131.02 130.92
 129.69 129.3  129.06 127.88 127.42 127.96 126.48 126.82 127.14 128.53]

bias = False
nonlinearity = <class 'torch.nn.modules.activation.ReLU'>
dimNodeSignals = [1, 2, 2, 2]
nShiftTaps = [3, 3, 3]
nFilterNodes = [50, 50, 50]
dimLayersMLP = [9]

nFeatureBank = 2
nClasses = 9
k = 3
nLayers = 3
Feature Reduction = True
Class Reduction = True
Used Architecture = GCATNet
Edge Function = KNN Correlation
EdgeFn Threshold = 5

Runtime = 2497.066083522979

Prediction = [[0.00011111 0.00011111 0.00011111 ... 0.00011111 0.00011111 0.00011111]
 [0.00011111 0.00011111 0.00011111 ... 0.00011111 0.00011111 0.00011111]
 [0.00011111 0.00011111 0.00011111 ... 0.00011111 0.00011111 0.00011111]
 ...
 [0.00011111 0.00011111 0.00011111 ... 0.00011111 0.00011111 0.00011111]
 [0.00011111 0.00011111 0.00011111 ... 0.00011111 0.00011111 0.00011111]
 [0.00011111 0.00011111 0.00011111 ... 0.00011111 0.00011111 0.00011111]]
costBest = 0.794
costLast = 0.794
GE_best = [139.18 131.74 128.75 126.04 130.01 127.86 126.86 128.87 130.99 130.27
 131.01 130.22 129.99 128.36 130.74 131.77 132.19 134.85 133.7  134.88
 135.25 135.58 135.56 138.09 137.92 139.35 141.76 140.09 139.28 139.62
 140.31 141.23 139.35 139.68 139.78 140.74 140.07 142.08 141.57 141.
 141.85 141.09 141.04 139.87 141.44 142.26 141.74 141.94 141.79 141.59
 142.2  142.38 144.18 144.17 143.14 143.74 143.01 144.45 143.53 144.34
 143.7  142.87 144.11 145.84 145.03 144.38 144.65 145.48 143.76 142.19
 141.91 141.13 141.07 139.51 139.5  140.51 142.83 143.51 142.97 143.14
 141.34 141.6  140.59 140.45 140.73 141.19 140.6  140.47 141.46 142.2
 142.52 142.66 142.97 143.14 142.6  142.92 142.96 143.98 143.21 143.4 ]
GE_last = [131.52 129.03 131.91 130.19 125.81 126.07 128.55 128.57 127.56 129.93
 130.39 131.68 134.89 134.56 133.21 133.22 132.27 132.7  131.54 132.65
 131.1  132.84 136.98 139.76 137.66 136.79 134.18 134.54 134.37 133.89
 134.88 134.29 134.45 134.33 134.21 135.28 138.47 138.85 137.26 134.93
 135.13 136.18 137.59 138.37 137.97 137.88 138.82 139.63 140.86 142.31
 141.79 142.28 142.04 142.   141.92 143.31 143.76 142.69 143.56 143.48
 142.87 141.51 141.   140.79 139.13 139.48 140.7  141.   140.99 140.73
 141.99 141.28 140.64 141.28 142.05 141.47 141.06 140.98 143.99 144.59
 144.74 144.21 144.61 142.93 142.79 142.88 142.81 141.7  141.28 139.56
 138.89 139.31 140.44 140.84 141.11 140.76 140.85 139.78 140.76 141.45]

bias = False
nonlinearity = <class 'torch.nn.modules.activation.ReLU'>
dimNodeSignals = [1, 2, 2, 2]
nShiftTaps = [4, 4, 4]
nFilterNodes = [50, 50, 50]
dimLayersMLP = [9]

nFeatureBank = 2
nClasses = 9
k = 4
nLayers = 3
Feature Reduction = True
Class Reduction = True
Used Architecture = GCATNet
Edge Function = KNN Correlation
EdgeFn Threshold = 5

Runtime = 4151.444332578918

Prediction = [[0.00011111 0.00011111 0.00011111 ... 0.00011111 0.00011111 0.00011111]
 [0.00011111 0.00011111 0.00011111 ... 0.00011111 0.00011111 0.00011111]
 [0.00011111 0.00011111 0.00011111 ... 0.00011111 0.00011111 0.00011111]
 ...
 [0.00011111 0.00011111 0.00011111 ... 0.00011111 0.00011111 0.00011111]
 [0.00011111 0.00011111 0.00011111 ... 0.00011111 0.00011111 0.00011111]
 [0.00011111 0.00011111 0.00011111 ... 0.00011111 0.00011111 0.00011111]]
costBest = 0.937
costLast = 0.937
GE_best = [128.11 125.52 130.46 131.85 129.63 128.13 134.61 137.92 135.   136.72
 137.8  133.52 137.06 134.47 135.6  137.73 136.86 137.87 140.67 141.49
 143.42 142.89 144.63 145.08 143.21 140.98 141.24 142.27 141.15 136.86
 137.65 137.32 136.02 136.84 138.03 138.94 139.99 140.01 139.5  138.16
 136.72 138.71 139.95 137.41 138.64 139.71 139.39 139.84 141.05 142.65
 143.55 142.9  143.98 141.98 142.81 142.67 142.28 141.32 141.64 143.94
 144.87 144.35 145.37 147.28 148.01 147.72 147.42 147.37 147.3  147.66
 147.9  146.38 147.09 147.49 147.12 146.38 146.06 146.5  146.42 146.48
 145.82 146.1  145.04 144.67 144.18 144.86 144.82 145.1  144.78 144.88
 144.15 143.5  144.53 143.06 141.73 141.71 143.37 142.45 142.46 142.57]
GE_last = [141.05 148.02 147.93 138.64 131.6  130.26 125.89 123.57 122.67 123.63
 123.7  124.42 125.43 127.89 132.25 126.85 124.73 122.66 125.   128.34
 126.95 124.99 127.7  128.   131.69 127.84 128.66 127.61 127.78 129.3
 131.97 132.59 130.27 130.52 133.01 133.72 132.16 132.53 134.15 134.36
 132.82 133.95 135.05 136.55 135.75 135.23 135.71 135.43 135.46 135.87
 134.2  134.89 135.12 135.   135.2  136.92 138.67 139.11 138.7  137.97
 137.28 137.69 136.7  135.76 137.56 138.37 138.2  136.31 136.89 138.51
 137.91 138.39 137.33 138.53 138.36 138.8  138.43 138.3  139.98 138.65
 136.68 136.47 136.66 136.19 137.31 136.74 136.03 137.02 138.   137.81
 138.29 138.92 138.27 137.94 138.84 139.04 141.59 141.16 141.78 142.86]

bias = False
nonlinearity = <class 'torch.nn.modules.activation.ReLU'>
dimNodeSignals = [1, 2, 2, 2]
nShiftTaps = [5, 5, 5]
nFilterNodes = [50, 50, 50]
dimLayersMLP = [9]

nFeatureBank = 2
nClasses = 9
k = 5
nLayers = 3
Feature Reduction = True
Class Reduction = True
Used Architecture = GCATNet
Edge Function = KNN Correlation
EdgeFn Threshold = 5

Runtime = 6182.080963137792

Prediction = [[0.00011111 0.00011111 0.00011111 ... 0.00011111 0.00011111 0.00011111]
 [0.00011111 0.00011111 0.00011111 ... 0.00011111 0.00011111 0.00011111]
 [0.00011111 0.00011111 0.00011111 ... 0.00011111 0.00011111 0.00011111]
 ...
 [0.00011111 0.00011111 0.00011111 ... 0.00011111 0.00011111 0.00011111]
 [0.00011111 0.00011111 0.00011111 ... 0.00011111 0.00011111 0.00011111]
 [0.00011111 0.00011111 0.00011111 ... 0.00011111 0.00011111 0.00011111]]
costBest = 0.933
costLast = 0.933
GE_best = [125.86 128.11 128.1  128.13 134.65 136.26 140.69 141.69 142.54 140.77
 141.41 142.57 145.27 148.07 148.8  150.61 152.03 152.65 151.28 151.45
 152.15 151.94 152.87 156.98 156.67 155.25 155.84 153.72 153.88 153.35
 154.91 151.42 151.01 152.21 156.04 157.3  158.27 158.86 160.65 162.22
 162.96 162.99 162.9  164.56 164.04 164.04 165.78 164.36 166.96 168.63
 170.01 168.31 169.36 169.23 167.58 167.31 169.29 169.34 170.6  169.98
 170.17 171.17 171.02 172.08 172.07 170.71 171.98 171.77 170.86 170.13
 169.24 168.81 169.7  170.45 170.32 172.16 172.98 173.49 174.65 174.79
 175.71 174.8  175.54 176.4  176.99 178.02 179.14 178.47 179.56 180.42
 180.1  180.44 181.83 182.07 182.93 182.77 182.53 182.57 182.52 182.28]
GE_last = [127.81 131.52 126.22 130.7  131.45 135.66 134.11 132.87 138.24 142.82
 142.52 142.38 146.03 143.88 145.94 147.38 147.28 147.7  150.62 153.4
 152.93 153.58 154.18 157.7  158.04 157.14 154.78 155.25 151.86 152.95
 154.5  156.66 158.54 159.35 158.92 157.53 156.39 157.58 157.14 157.12
 156.76 156.03 155.8  154.83 156.46 157.01 156.55 156.93 157.87 160.3
 158.04 158.13 158.66 158.37 158.29 158.82 159.21 159.03 158.48 159.12
 157.69 158.86 159.36 159.55 156.79 158.21 157.27 157.69 157.34 157.92
 158.33 160.02 158.89 159.09 158.91 160.29 160.9  160.59 161.24 161.06
 160.04 160.16 159.19 160.51 161.08 160.99 161.82 161.95 162.34 163.66
 163.39 163.6  164.19 164.09 163.81 164.8  165.21 165.8  167.   166.98]

bias = False
nonlinearity = <class 'torch.nn.modules.activation.ReLU'>
dimNodeSignals = [1, 2, 2, 2, 2]
nShiftTaps = [1, 1, 1, 1]
nFilterNodes = [50, 50, 50, 50]
dimLayersMLP = [9]

nFeatureBank = 2
nClasses = 9
k = 1
nLayers = 4
Feature Reduction = True
Class Reduction = True
Used Architecture = GCATNet
Edge Function = KNN Correlation
EdgeFn Threshold = 5

Runtime = 489.26643315702677

Prediction = [[0.00011111 0.00011111 0.00011111 ... 0.00011111 0.00011111 0.00011111]
 [0.00011111 0.00011111 0.00011111 ... 0.00011111 0.00011111 0.00011111]
 [0.00011111 0.00011111 0.00011111 ... 0.00011111 0.00011111 0.00011111]
 ...
 [0.00011111 0.00011111 0.00011111 ... 0.00011111 0.00011111 0.00011111]
 [0.00011111 0.00011111 0.00011111 ... 0.00011111 0.00011111 0.00011111]
 [0.00011111 0.00011111 0.00011111 ... 0.00011111 0.00011111 0.00011111]]
costBest = 0.996
costLast = 0.996
GE_best = [52. 52. 52. 52. 52. 52. 52. 52. 52. 52. 52. 52. 52. 52. 52. 52. 52. 52.
 52. 52. 52. 52. 52. 52. 52. 52. 52. 52. 52. 52. 52. 52. 52. 52. 52. 52.
 52. 52. 52. 52. 52. 52. 52. 52. 52. 52. 52. 52. 52. 52. 52. 52. 52. 52.
 52. 52. 52. 52. 52. 52. 52. 52. 52. 52. 52. 52. 52. 52. 52. 52. 52. 52.
 52. 52. 52. 52. 52. 52. 52. 52. 52. 52. 52. 52. 52. 52. 52. 52. 52. 52.
 52. 52. 52. 52. 52. 52. 52. 52. 52. 52.]
GE_last = [52. 52. 52. 52. 52. 52. 52. 52. 52. 52. 52. 52. 52. 52. 52. 52. 52. 52.
 52. 52. 52. 52. 52. 52. 52. 52. 52. 52. 52. 52. 52. 52. 52. 52. 52. 52.
 52. 52. 52. 52. 52. 52. 52. 52. 52. 52. 52. 52. 52. 52. 52. 52. 52. 52.
 52. 52. 52. 52. 52. 52. 52. 52. 52. 52. 52. 52. 52. 52. 52. 52. 52. 52.
 52. 52. 52. 52. 52. 52. 52. 52. 52. 52. 52. 52. 52. 52. 52. 52. 52. 52.
 52. 52. 52. 52. 52. 52. 52. 52. 52. 52.]

bias = False
nonlinearity = <class 'torch.nn.modules.activation.ReLU'>
dimNodeSignals = [1, 2, 2, 2, 2]
nShiftTaps = [2, 2, 2, 2]
nFilterNodes = [50, 50, 50, 50]
dimLayersMLP = [9]

nFeatureBank = 2
nClasses = 9
k = 2
nLayers = 4
Feature Reduction = True
Class Reduction = True
Used Architecture = GCATNet
Edge Function = KNN Correlation
EdgeFn Threshold = 5

Runtime = 1955.2415177910589

Prediction = [[0.00011111 0.00011111 0.00011111 ... 0.00011111 0.00011111 0.00011111]
 [0.00011111 0.00011111 0.00011111 ... 0.00011111 0.00011111 0.00011111]
 [0.00011111 0.00011111 0.00011111 ... 0.00011111 0.00011111 0.00011111]
 ...
 [0.00011111 0.00011111 0.00011111 ... 0.00011111 0.00011111 0.00011111]
 [0.00011111 0.00011111 0.00011111 ... 0.00011111 0.00011111 0.00011111]
 [0.00011111 0.00011111 0.00011111 ... 0.00011111 0.00011111 0.00011111]]
costBest = 0.847
costLast = 0.847
GE_best = [118.95 120.46 123.21 126.43 131.26 130.79 132.96 129.91 130.09 127.19
 123.34 123.1  122.08 123.38 123.48 124.8  121.98 121.49 123.1  125.08
 123.87 123.94 123.16 123.81 123.81 124.26 126.23 125.59 124.28 125.32
 128.36 128.13 127.76 129.02 128.81 129.45 129.91 129.7  132.05 134.55
 133.43 133.4  134.76 135.53 134.25 133.71 132.76 129.3  127.77 127.69
 127.31 125.82 124.74 125.25 126.8  126.16 127.4  127.35 127.35 126.42
 127.49 128.65 130.65 129.34 130.23 131.78 131.72 131.15 130.74 130.66
 132.18 132.77 133.45 133.75 132.78 133.43 134.15 134.51 136.31 135.97
 137.63 137.31 136.65 136.03 136.97 137.28 137.01 137.49 139.75 139.28
 138.35 137.67 138.06 138.29 138.36 138.84 139.2  139.27 139.09 140.62]
GE_last = [139.25 146.06 145.01 139.1  139.66 139.59 137.41 138.07 141.54 139.77
 136.86 135.65 139.15 138.23 140.62 140.61 143.17 141.5  140.72 144.55
 144.21 140.05 141.49 144.93 147.26 147.65 147.47 148.81 149.03 148.1
 149.27 151.52 150.93 150.09 150.97 151.18 152.2  152.6  151.92 148.24
 151.16 152.22 152.88 152.01 154.53 154.91 153.81 154.38 154.98 153.94
 155.85 156.04 155.33 156.09 156.41 154.89 153.63 151.92 153.37 153.61
 153.62 152.55 153.93 150.88 150.71 150.18 150.1  150.87 152.12 150.73
 149.91 150.54 150.14 150.1  149.65 149.68 150.27 150.56 150.47 150.21
 150.76 151.21 152.41 151.55 151.13 150.7  150.94 149.81 150.97 152.73
 151.87 153.02 154.31 153.58 153.9  154.45 155.71 156.83 155.31 155.86]

bias = False
nonlinearity = <class 'torch.nn.modules.activation.ReLU'>
dimNodeSignals = [1, 2, 2, 2, 2]
nShiftTaps = [3, 3, 3, 3]
nFilterNodes = [50, 50, 50, 50]
dimLayersMLP = [9]

nFeatureBank = 2
nClasses = 9
k = 3
nLayers = 4
Feature Reduction = True
Class Reduction = True
Used Architecture = GCATNet
Edge Function = KNN Correlation
EdgeFn Threshold = 5

Runtime = 3530.7686998611316

Prediction = [[0.00011111 0.00011111 0.00011111 ... 0.00011111 0.00011111 0.00011111]
 [0.00011111 0.00011111 0.00011111 ... 0.00011111 0.00011111 0.00011111]
 [0.00011111 0.00011111 0.00011111 ... 0.00011111 0.00011111 0.00011111]
 ...
 [0.00011111 0.00011111 0.00011111 ... 0.00011111 0.00011111 0.00011111]
 [0.00011111 0.00011111 0.00011111 ... 0.00011111 0.00011111 0.00011111]
 [0.00011111 0.00011111 0.00011111 ... 0.00011111 0.00011111 0.00011111]]
costBest = 0.863
costLast = 0.863
GE_best = [115.89 115.4  119.   116.44 114.43 120.54 121.34 120.98 121.17 125.93
 129.39 129.29 129.24 130.18 129.02 129.24 124.59 123.74 121.71 123.54
 120.14 123.05 125.33 125.02 124.64 123.27 124.81 123.88 124.18 123.94
 123.41 123.6  124.12 123.73 124.47 125.   127.56 127.34 128.42 128.7
 127.93 128.95 128.39 128.64 126.85 127.14 125.84 127.52 127.25 124.47
 124.13 124.51 124.59 123.98 123.57 124.5  124.66 123.1  122.39 121.97
 121.6  122.5  122.93 123.48 123.4  124.75 125.39 125.04 125.5  125.62
 127.21 126.58 127.53 126.08 126.94 126.5  126.07 125.09 126.17 126.89
 127.84 128.6  129.03 128.4  128.62 129.14 128.85 128.85 127.94 128.33
 129.56 129.03 128.66 127.48 127.9  127.91 128.16 127.31 127.22 127.09]
GE_last = [138.49 127.88 122.7  116.4  116.88 115.47 110.03 113.38 113.28 115.04
 116.   119.86 122.39 118.02 118.54 121.13 118.94 120.5  120.58 118.86
 119.21 119.06 119.85 118.45 120.57 120.35 120.94 122.73 125.64 124.46
 126.95 122.94 122.   123.06 123.87 124.42 124.73 125.69 126.61 126.44
 126.24 125.82 125.89 125.25 125.62 126.14 124.71 126.19 127.31 124.99
 126.52 124.98 123.46 122.92 123.54 124.86 123.21 122.76 123.05 123.71
 124.38 123.33 121.47 122.43 124.44 122.85 122.62 122.5  121.25 121.73
 120.29 121.25 120.46 120.3  121.31 122.05 120.65 120.31 119.79 119.93
 120.02 120.51 120.6  119.19 118.63 117.3  116.65 117.56 118.25 118.21
 117.06 117.25 118.39 117.79 117.19 116.82 117.23 118.3  117.6  116.53]

bias = False
nonlinearity = <class 'torch.nn.modules.activation.ReLU'>
dimNodeSignals = [1, 2, 2, 2, 2]
nShiftTaps = [4, 4, 4, 4]
nFilterNodes = [50, 50, 50, 50]
dimLayersMLP = [9]

nFeatureBank = 2
nClasses = 9
k = 4
nLayers = 4
Feature Reduction = True
Class Reduction = True
Used Architecture = GCATNet
Edge Function = KNN Correlation
EdgeFn Threshold = 5

Runtime = 5854.022296395851

Prediction = [[0.00011111 0.00011111 0.00011111 ... 0.00011111 0.00011111 0.00011111]
 [0.00011111 0.00011111 0.00011111 ... 0.00011111 0.00011111 0.00011111]
 [0.00011111 0.00011111 0.00011111 ... 0.00011111 0.00011111 0.00011111]
 ...
 [0.00011111 0.00011111 0.00011111 ... 0.00011111 0.00011111 0.00011111]
 [0.00011111 0.00011111 0.00011111 ... 0.00011111 0.00011111 0.00011111]
 [0.00011111 0.00011111 0.00011111 ... 0.00011111 0.00011111 0.00011111]]
costBest = 0.805
costLast = 0.805
GE_best = [131.72 131.34 128.64 130.33 133.67 132.82 130.54 124.8  130.52 129.48
 131.54 135.43 137.9  137.51 136.4  134.85 135.44 137.79 137.72 140.6
 137.45 138.5  137.18 137.77 138.75 140.49 137.93 139.34 139.77 142.03
 140.33 139.78 139.56 140.23 140.2  140.48 141.5  141.67 141.94 143.99
 143.5  142.51 139.38 138.42 139.77 142.63 141.52 139.04 138.43 139.54
 139.13 139.51 138.   137.5  136.35 135.8  138.02 137.99 136.15 134.74
 135.39 136.82 138.77 139.15 138.39 139.96 138.12 138.11 139.37 138.17
 137.97 137.85 138.04 138.   137.57 138.68 139.46 139.11 140.62 140.09
 139.87 139.27 138.52 137.49 137.64 137.8  138.58 137.8  139.11 139.39
 139.64 140.16 140.15 141.41 141.29 141.28 142.81 143.51 143.03 143.48]
GE_last = [128.27 127.51 123.44 127.12 126.46 130.47 127.76 133.51 130.35 128.53
 127.63 130.54 131.81 129.89 131.49 135.28 137.45 136.82 138.21 138.72
 141.27 141.63 143.4  143.87 143.53 143.92 144.32 146.01 145.46 144.78
 144.19 144.82 145.62 147.45 147.95 147.41 147.18 145.99 145.53 146.26
 146.65 147.59 147.57 147.55 150.03 148.9  147.93 148.6  149.05 149.39
 149.72 147.53 147.89 150.07 152.3  152.05 153.61 152.97 152.81 153.34
 151.25 151.81 153.25 151.34 152.54 150.48 150.39 149.92 150.26 152.1
 150.25 149.97 151.22 150.95 150.25 151.19 149.45 149.04 147.9  148.28
 147.97 145.84 146.58 146.98 147.01 147.76 149.25 149.81 148.62 148.29
 148.76 148.49 149.06 149.44 148.47 147.67 146.8  146.76 145.56 144.41]

bias = False
nonlinearity = <class 'torch.nn.modules.activation.ReLU'>
dimNodeSignals = [1, 2, 2, 2, 2]
nShiftTaps = [5, 5, 5, 5]
nFilterNodes = [50, 50, 50, 50]
dimLayersMLP = [9]

nFeatureBank = 2
nClasses = 9
k = 5
nLayers = 4
Feature Reduction = True
Class Reduction = True
Used Architecture = GCATNet
Edge Function = KNN Correlation
EdgeFn Threshold = 5

