2020/10/07 16:01:08

nTrain = 8000
nValid = 1000
nTest = 1000
nEpochs = 100
batchSize = 200
validationInterval = 1000

lossFunction = <class 'torch.nn.modules.loss.CrossEntropyLoss'>
OptimAlg = ADAM
learningRate = 0.001
beta1 = 0.9
beta2 = 0.999
device = cpu

bias = False
nonlinearity = <class 'torch.nn.modules.activation.ReLU'>
dimNodeSignals = [1, 64, 64]
nShiftTaps = [3, 3]
nFilterNodes = [50, 50]
dimLayersMLP = [9]

nFeatureBank = 64
nClasses = 9
k = 3
nLayers = 2
Feature Reduction = True
Class Reduction = True
Used Architecture = GCATNet
Edge Function = KNN Correlation
EdgeFn Threshold = 5

Runtime = 9655.787626781035

costBest = 0.858
costLast = 0.858
GE_best = [130.63299560546875, 129.8719940185547, 131.6066131591797, 131.51600646972656, 131.71499633789062, 131.81927490234375, 133.15492248535156, 128.9759979248047, 135.68467712402344, 131.77000427246094, 134.95555114746094, 133.20481872558594, 133.4342041015625, 129.61972045898438, 135.5757598876953, 133.90322875976562, 135.46551513671875, 137.76364135742188, 134.82691955566406, 129.0399932861328, 135.23403930664062, 130.46665954589844, 132.44186401367188, 130.48780822753906, 135.10000610351562, 132.44737243652344, 128.40541076660156, 130.91429138183594, 131.94117736816406, 134.48484802246094, 133.03125, 141.96774291992188, 131.26666259765625, 125.20689392089844, 136.5, 130.29629516601562, 131.74073791503906, 133.07691955566406, 137.8000030517578, 139.55999755859375, 134.5, 129.56521606445312, 133.69564819335938, 129.9545440673828, 138.86363220214844, 141.8095245361328, 141.8095245361328, 134.5, 137.6999969482422, 141.5500030517578, 132.73684692382812, 136.57894897460938, 131.3333282470703, 136.05555725097656, 140.88888549804688, 142.0, 138.94117736816406, 134.7058868408203, 130.125, 141.9375, 134.9375, 137.75, 132.3333282470703, 131.26666259765625, 141.60000610351562, 144.60000610351562, 134.7142791748047, 133.7142791748047, 126.85713958740234, 145.07142639160156, 138.2857208251953, 135.61538696289062, 146.92308044433594, 147.07691955566406, 144.15383911132812, 145.46153259277344, 140.0, 133.4166717529297, 142.25, 134.75, 133.8333282470703, 134.5833282470703, 140.8333282470703, 151.5454559326172, 138.27272033691406, 145.63636779785156, 135.09091186523438, 160.5454559326172, 139.5454559326172, 143.72727966308594, 144.0, 132.10000610351562, 121.0999984741211, 138.60000610351562, 134.3000030517578, 140.89999389648438, 138.6999969482422, 140.1999969482422, 138.8000030517578, 139.0, 127.33333587646484, 135.22222900390625, 134.77777099609375, 138.3333282470703, 137.55555725097656, 139.22222900390625, 136.6666717529297, 139.22222900390625, 147.22222900390625, 152.22222900390625, 145.44444274902344, 131.25, 134.625, 151.625, 136.125, 141.125, 140.75, 144.875, 130.0, 146.875, 141.75, 152.625, 139.375, 139.875, 140.125, 154.0, 148.7142791748047, 146.7142791748047, 141.57142639160156, 154.14285278320312, 148.2857208251953, 143.7142791748047, 133.7142791748047, 130.42857360839844, 154.57142639160156, 148.7142791748047, 147.0, 137.14285278320312, 140.7142791748047, 153.57142639160156, 130.2857208251953, 142.2857208251953, 150.5, 136.3333282470703, 144.1666717529297, 156.0, 135.5, 160.3333282470703, 161.1666717529297, 127.5, 157.3333282470703, 159.1666717529297, 149.6666717529297, 146.1666717529297, 159.1666717529297, 138.3333282470703, 154.8333282470703, 150.5, 129.1666717529297, 141.6666717529297, 126.16666412353516, 141.8333282470703, 148.6666717529297, 149.0, 139.8333282470703, 140.1666717529297, 154.1999969482422, 158.0, 143.0, 131.39999389648438, 113.0, 128.8000030517578, 130.0, 149.0, 156.1999969482422, 144.60000610351562, 146.0, 140.1999969482422, 142.60000610351562, 156.39999389648438, 154.60000610351562, 139.1999969482422, 129.60000610351562, 136.8000030517578, 154.8000030517578, 136.60000610351562, 143.1999969482422, 148.8000030517578, 157.0, 164.60000610351562, 158.0, 155.8000030517578, 137.1999969482422, 150.60000610351562, 116.4000015258789, 140.1999969482422, 147.8000030517578, 141.0, 135.39999389648438, 146.0, 140.75, 156.5, 159.25, 127.0, 164.5, 129.25, 129.25, 124.25, 150.0, 144.0, 119.25, 162.0, 150.5, 142.25, 189.5, 152.0, 148.0, 123.0, 165.25, 174.75, 130.0, 123.5, 168.25, 171.75, 181.5, 143.75, 127.75, 165.25, 154.75, 154.0, 156.5, 150.5, 140.5, 163.75, 137.0, 137.25, 148.75, 156.0, 167.5, 155.0, 152.75, 152.0, 143.25, 164.5, 125.75, 151.0, 146.75, 132.25, 154.5, 155.5, 164.3333282470703, 126.0, 140.0, 147.6666717529297, 112.0, 181.0, 147.0, 153.3333282470703, 145.3333282470703, 160.3333282470703, 163.3333282470703, 157.0, 150.0, 158.0, 156.0, 143.6666717529297, 159.6666717529297, 134.6666717529297, 147.6666717529297, 146.3333282470703, 175.6666717529297, 157.6666717529297, 159.0, 138.6666717529297, 176.3333282470703, 154.3333282470703, 163.0, 162.0, 122.0, 164.3333282470703, 141.3333282470703, 147.3333282470703, 188.3333282470703, 173.0, 155.3333282470703, 162.6666717529297, 189.0, 151.6666717529297, 157.3333282470703, 134.0, 104.66666412353516, 162.6666717529297, 135.6666717529297, 163.0, 140.6666717529297, 130.3333282470703, 159.0, 152.6666717529297, 187.0, 145.0, 123.33333587646484, 144.3333282470703, 138.6666717529297, 147.0, 151.3333282470703, 144.3333282470703, 142.3333282470703, 113.33333587646484, 162.6666717529297, 163.0, 137.6666717529297, 157.6666717529297, 159.6666717529297, 127.0, 156.3333282470703, 136.0, 151.3333282470703, 160.3333282470703, 153.6666717529297, 138.0, 160.0, 123.0, 164.3333282470703, 166.0, 154.0, 161.0, 152.6666717529297, 152.6666717529297, 152.3333282470703, 127.66666412353516, 154.3333282470703, 153.0, 154.6666717529297, 113.0, 221.0, 134.5, 168.5, 149.0, 187.5, 135.0, 202.5, 144.0, 112.5, 149.0, 178.5, 148.0, 205.5, 190.0, 137.5, 139.5, 125.0, 102.0, 182.5, 140.5, 163.5, 149.0, 154.5, 135.0, 174.5, 115.0, 144.5, 175.0, 111.0, 170.5, 158.5, 155.5, 126.5, 170.0, 148.5, 108.0, 144.0, 114.0, 141.5, 109.5, 168.5, 180.0, 216.5, 151.5, 182.5, 166.0, 171.5, 84.0, 192.0, 157.5, 121.5, 149.5, 166.0, 162.5, 141.5, 120.0, 174.5, 128.5, 218.0, 128.5, 187.0, 176.0, 211.0, 120.0, 156.0, 135.5, 146.5, 165.0, 135.5, 180.0, 153.0, 146.0, 196.0, 174.0, 160.0, 186.5, 192.5, 140.5, 139.5, 153.0, 161.0, 203.0, 187.0, 163.0, 148.0, 202.0, 175.5, 155.0, 113.5, 181.0, 164.0, 157.5, 180.5, 194.5, 158.0, 165.0, 169.5, 176.0, 151.0, 214.0, 157.0, 132.0, 151.0, 185.5, 138.0, 149.0, 154.0, 133.5, 136.0, 162.0, 149.5, 140.5, 166.0, 161.5, 145.5, 163.0, 172.5, 140.5, 158.0, 154.5, 187.0, 179.5, 144.0, 173.0, 172.5, 146.5, 135.0, 145.0, 136.5, 140.0, 185.5, 180.0, 136.0, 168.0, 156.5, 138.0, 163.5, 169.0, 131.5, 132.5, 165.5, 168.5, 164.0, 176.5, 145.0, 142.0, 166.0, 176.5, 174.0, 175.5, 153.0, 160.0, 162.0, 184.0, 158.0, 146.0, 156.0, 151.0, 152.0, 152.0, 152.5, 173.5, 159.0, 166.0, 154.0, 151.5]
GE_last = [130.63299560546875, 130.93600463867188, 131.1321258544922, 130.11199951171875, 130.0050048828125, 130.3975830078125, 130.82394409179688, 133.9600067138672, 134.0180206298828, 133.02000427246094, 134.9888916015625, 132.07229614257812, 128.0263214111328, 133.15492248535156, 131.96969604492188, 132.16128540039062, 129.77586364746094, 138.8545379638672, 128.46153259277344, 133.55999755859375, 129.31915283203125, 131.977783203125, 132.8372039794922, 134.36585998535156, 133.52499389648438, 139.44737243652344, 136.40541076660156, 128.42857360839844, 136.3235321044922, 136.21212768554688, 130.4375, 134.6774139404297, 139.60000610351562, 131.37930297851562, 135.60714721679688, 136.48147583007812, 134.92591857910156, 130.84616088867188, 135.0800018310547, 136.36000061035156, 142.5, 142.69564819335938, 127.56521606445312, 143.22727966308594, 136.22727966308594, 138.85714721679688, 134.14285278320312, 130.4499969482422, 128.9499969482422, 131.5500030517578, 137.5263214111328, 123.63157653808594, 150.22222900390625, 137.88888549804688, 136.55555725097656, 133.58824157714844, 142.8235321044922, 129.11764526367188, 137.875, 147.0, 143.8125, 140.6875, 127.4000015258789, 126.93333435058594, 137.60000610351562, 133.1999969482422, 143.07142639160156, 128.14285278320312, 138.0, 138.7857208251953, 135.85714721679688, 135.38461303710938, 131.15383911132812, 137.53846740722656, 143.84616088867188, 142.38461303710938, 116.58333587646484, 132.4166717529297, 129.3333282470703, 145.3333282470703, 140.4166717529297, 138.3333282470703, 142.8333282470703, 140.63636779785156, 123.54545593261719, 136.81817626953125, 150.5454559326172, 152.5454559326172, 137.81817626953125, 128.72727966308594, 134.8000030517578, 139.39999389648438, 132.8000030517578, 147.6999969482422, 140.60000610351562, 136.6999969482422, 139.3000030517578, 144.0, 146.8000030517578, 141.3000030517578, 143.55555725097656, 137.22222900390625, 141.11111450195312, 140.11111450195312, 147.88888549804688, 133.44444274902344, 136.22222900390625, 130.88888549804688, 145.77777099609375, 131.3333282470703, 136.22222900390625, 133.375, 145.875, 137.25, 135.5, 136.75, 144.875, 137.875, 148.125, 143.25, 143.5, 145.625, 138.625, 141.875, 142.875, 142.85714721679688, 152.7142791748047, 146.2857208251953, 146.7142791748047, 161.85714721679688, 153.0, 133.14285278320312, 132.7142791748047, 135.57142639160156, 147.0, 154.42857360839844, 146.2857208251953, 154.85714721679688, 157.14285278320312, 137.0, 138.7142791748047, 136.0, 151.0, 138.6666717529297, 174.8333282470703, 138.5, 157.3333282470703, 138.0, 117.5, 147.6666717529297, 151.3333282470703, 148.1666717529297, 139.8333282470703, 131.3333282470703, 140.8333282470703, 155.8333282470703, 161.1666717529297, 140.3333282470703, 151.6666717529297, 164.1666717529297, 144.1666717529297, 137.3333282470703, 145.5, 148.5, 144.8333282470703, 139.0, 145.8000030517578, 125.5999984741211, 147.1999969482422, 129.39999389648438, 147.0, 131.1999969482422, 147.60000610351562, 171.8000030517578, 141.0, 146.39999389648438, 158.60000610351562, 148.8000030517578, 132.1999969482422, 139.1999969482422, 167.60000610351562, 144.60000610351562, 158.39999389648438, 148.1999969482422, 145.8000030517578, 146.1999969482422, 154.8000030517578, 166.60000610351562, 118.80000305175781, 149.60000610351562, 150.39999389648438, 142.60000610351562, 151.8000030517578, 158.8000030517578, 151.39999389648438, 157.0, 139.0, 148.60000610351562, 153.0, 155.8000030517578, 155.25, 160.0, 171.0, 138.75, 135.0, 125.0, 142.75, 142.5, 157.25, 149.75, 149.0, 150.5, 147.5, 130.75, 147.5, 152.0, 146.5, 160.0, 132.0, 116.75, 145.25, 131.75, 147.5, 154.5, 148.5, 145.0, 134.75, 153.75, 148.0, 151.75, 143.5, 159.5, 154.75, 135.75, 144.25, 146.75, 143.25, 142.0, 138.75, 154.25, 152.75, 138.0, 146.5, 145.0, 155.0, 153.5, 158.25, 155.75, 143.75, 138.0, 175.3333282470703, 131.3333282470703, 128.3333282470703, 158.6666717529297, 180.3333282470703, 147.3333282470703, 119.33333587646484, 138.6666717529297, 115.0, 143.6666717529297, 153.6666717529297, 158.6666717529297, 136.6666717529297, 157.3333282470703, 156.0, 131.0, 157.0, 143.6666717529297, 132.6666717529297, 153.3333282470703, 141.6666717529297, 155.6666717529297, 116.66666412353516, 108.0, 196.3333282470703, 142.0, 156.3333282470703, 145.0, 146.0, 181.6666717529297, 188.0, 149.6666717529297, 140.3333282470703, 129.3333282470703, 112.0, 152.6666717529297, 161.6666717529297, 162.6666717529297, 142.6666717529297, 159.3333282470703, 168.3333282470703, 153.0, 144.0, 116.0, 132.0, 108.33333587646484, 143.6666717529297, 153.3333282470703, 161.6666717529297, 139.3333282470703, 158.0, 165.6666717529297, 159.3333282470703, 142.3333282470703, 151.0, 135.6666717529297, 165.0, 152.6666717529297, 150.6666717529297, 163.0, 143.0, 147.3333282470703, 146.6666717529297, 175.0, 160.0, 152.3333282470703, 138.6666717529297, 146.3333282470703, 134.3333282470703, 158.0, 154.3333282470703, 151.6666717529297, 150.0, 141.6666717529297, 149.3333282470703, 144.0, 120.66666412353516, 163.6666717529297, 156.0, 150.3333282470703, 151.0, 149.0, 155.0, 57.5, 109.5, 168.0, 166.5, 130.0, 177.5, 134.5, 160.5, 112.0, 202.5, 176.0, 168.0, 146.5, 161.5, 147.5, 159.0, 160.5, 177.5, 134.0, 158.5, 183.5, 138.5, 207.0, 86.5, 136.0, 132.5, 169.5, 124.5, 195.5, 149.5, 223.5, 104.5, 162.5, 144.0, 169.5, 123.0, 180.0, 154.0, 129.0, 170.5, 142.0, 209.0, 139.0, 156.0, 177.0, 89.0, 166.0, 137.5, 128.5, 190.0, 178.0, 166.5, 162.0, 164.5, 171.0, 158.5, 173.5, 63.0, 165.5, 119.0, 133.0, 184.5, 134.0, 159.0, 173.0, 114.0, 137.5, 162.0, 133.0, 121.5, 161.0, 151.5, 155.0, 140.5, 195.0, 169.0, 133.5, 112.5, 159.0, 195.0, 177.0, 172.0, 174.0, 187.0, 140.5, 148.5, 177.5, 190.0, 177.5, 154.5, 107.5, 143.0, 148.5, 142.5, 156.0, 162.0, 168.5, 149.0, 183.0, 129.5, 144.0, 167.0, 162.5, 151.5, 200.5, 160.5, 189.0, 132.0, 122.0, 109.0, 202.0, 145.0, 160.5, 163.5, 168.0, 150.5, 148.0, 167.5, 180.5, 170.0, 152.0, 155.5, 209.0, 166.0, 145.5, 120.5, 137.0, 126.5, 143.0, 168.0, 166.5, 133.0, 193.0, 141.0, 149.5, 151.0, 146.0, 169.5, 155.5, 132.5, 152.0, 149.5, 157.5, 153.5, 155.0, 156.0, 149.0, 139.0, 147.5, 150.5, 137.5, 170.0, 157.0, 159.0, 164.0, 158.0, 153.0, 170.5, 157.5, 169.5, 174.0, 160.0, 167.0, 153.5, 160.0, 157.5, 146.5]

bias = False
nonlinearity = <class 'torch.nn.modules.activation.ReLU'>
dimNodeSignals = [1, 64, 64]
nShiftTaps = [3, 3]
nFilterNodes = [50, 50]
dimLayersMLP = [9]

nFeatureBank = 64
nClasses = 9
k = 3
nLayers = 2
Feature Reduction = True
Class Reduction = True
Used Architecture = GCATNet
Edge Function = KNN Correlation
EdgeFn Threshold = 5

Runtime = 7808.4052190058865

costBest = 0.925
costLast = 0.925
GE_best = [127.0270004272461, 122.8479995727539, 124.26726531982422, 122.59200286865234, 120.38500213623047, 124.26506042480469, 123.78169250488281, 119.36000061035156, 123.27027130126953, 117.37000274658203, 119.9000015258789, 119.20481872558594, 119.27631378173828, 119.94366455078125, 119.90908813476562, 114.06451416015625, 119.55172729492188, 121.2727279663086, 115.73076629638672, 117.81999969482422, 123.38298034667969, 113.35555267333984, 116.83721160888672, 119.95121765136719, 115.8499984741211, 119.86842346191406, 119.1351318359375, 113.34285736083984, 119.0, 121.78787994384766, 111.8125, 110.06451416015625, 114.06666564941406, 114.55172729492188, 124.85713958740234, 119.18518829345703, 115.55555725097656, 111.26923370361328, 112.55999755859375, 113.12000274658203, 117.66666412353516, 120.73912811279297, 113.82608795166016, 123.45454406738281, 113.31818389892578, 109.23809814453125, 118.23809814453125, 110.69999694824219, 112.94999694824219, 109.55000305175781, 113.36842346191406, 115.9473648071289, 102.66666412353516, 112.38888549804688, 119.0, 104.35294342041016, 110.35294342041016, 109.05882263183594, 106.9375, 117.9375, 116.4375, 111.0625, 114.4000015258789, 112.4000015258789, 112.86666870117188, 103.5999984741211, 107.85713958740234, 102.64286041259766, 115.0, 113.07142639160156, 117.71428680419922, 111.84615325927734, 117.46154022216797, 112.0, 104.07691955566406, 120.38461303710938, 106.5, 109.08333587646484, 119.25, 104.83333587646484, 113.0, 109.91666412353516, 105.58333587646484, 94.7272720336914, 99.09091186523438, 115.0, 103.90908813476562, 110.90908813476562, 107.09091186523438, 105.7272720336914, 92.5999984741211, 118.30000305175781, 120.4000015258789, 105.5999984741211, 96.5, 95.4000015258789, 114.4000015258789, 109.19999694824219, 114.69999694824219, 100.0, 106.22222137451172, 122.11111450195312, 122.33333587646484, 112.33333587646484, 109.77777862548828, 105.66666412353516, 107.88888549804688, 100.77777862548828, 110.88888549804688, 107.55555725097656, 104.11111450195312, 133.875, 115.5, 119.25, 124.5, 106.75, 129.25, 106.5, 113.5, 115.25, 106.5, 111.75, 98.0, 119.0, 103.0, 107.14286041259766, 98.85713958740234, 82.57142639160156, 120.42857360839844, 107.42857360839844, 90.85713958740234, 102.71428680419922, 124.42857360839844, 108.14286041259766, 114.85713958740234, 111.14286041259766, 101.71428680419922, 115.0, 109.57142639160156, 103.85713958740234, 93.85713958740234, 104.85713958740234, 83.5, 119.33333587646484, 106.66666412353516, 79.33333587646484, 88.16666412353516, 120.0, 109.0, 100.66666412353516, 104.83333587646484, 116.83333587646484, 106.16666412353516, 110.16666412353516, 93.33333587646484, 109.5, 93.5, 108.16666412353516, 109.83333587646484, 98.33333587646484, 94.5, 98.83333587646484, 99.16666412353516, 92.83333587646484, 101.83333587646484, 112.5, 114.80000305175781, 113.4000015258789, 133.8000030517578, 83.80000305175781, 75.0, 94.80000305175781, 83.19999694824219, 108.5999984741211, 105.19999694824219, 110.5999984741211, 93.5999984741211, 94.4000015258789, 122.19999694824219, 87.5999984741211, 99.0, 108.0, 100.19999694824219, 96.19999694824219, 95.5999984741211, 105.19999694824219, 102.19999694824219, 95.80000305175781, 98.80000305175781, 87.80000305175781, 121.19999694824219, 95.19999694824219, 101.19999694824219, 98.0, 94.4000015258789, 105.19999694824219, 91.5999984741211, 107.0, 91.5999984741211, 122.19999694824219, 60.0, 74.0, 109.0, 86.75, 49.25, 111.75, 106.75, 102.0, 114.0, 102.0, 102.25, 93.75, 95.0, 59.0, 48.25, 85.0, 79.0, 106.5, 89.25, 105.75, 121.5, 107.5, 104.75, 100.0, 94.5, 84.25, 102.25, 90.5, 111.75, 109.25, 81.75, 104.25, 108.25, 99.25, 114.25, 87.25, 99.75, 84.25, 92.75, 92.75, 87.5, 92.75, 108.25, 88.75, 91.5, 79.25, 94.0, 93.25, 94.25, 96.75, 104.66666412353516, 136.0, 55.0, 67.66666412353516, 100.0, 94.0, 104.33333587646484, 115.33333587646484, 87.0, 100.66666412353516, 83.66666412353516, 106.33333587646484, 107.33333587646484, 94.33333587646484, 60.0, 83.66666412353516, 114.66666412353516, 91.33333587646484, 119.0, 67.0, 134.6666717529297, 119.66666412353516, 82.66666412353516, 111.0, 96.0, 111.33333587646484, 90.33333587646484, 73.0, 99.33333587646484, 106.33333587646484, 112.66666412353516, 101.66666412353516, 96.33333587646484, 108.0, 111.33333587646484, 62.66666793823242, 73.33333587646484, 94.0, 94.33333587646484, 114.66666412353516, 67.0, 76.66666412353516, 116.0, 87.66666412353516, 80.0, 90.33333587646484, 108.0, 92.66666412353516, 98.33333587646484, 125.66666412353516, 76.66666412353516, 121.0, 109.0, 106.0, 111.66666412353516, 121.33333587646484, 75.66666412353516, 87.0, 79.66666412353516, 107.0, 92.33333587646484, 92.33333587646484, 79.0, 82.66666412353516, 117.33333587646484, 96.66666412353516, 77.66666412353516, 83.0, 105.66666412353516, 111.0, 87.33333587646484, 95.66666412353516, 68.33333587646484, 92.0, 92.66666412353516, 87.0, 77.0, 93.33333587646484, 88.0, 88.33333587646484, 90.66666412353516, 83.0, 78.66666412353516, 92.5, 94.5, 79.5, 117.5, 27.0, 109.0, 55.5, 84.0, 90.5, 83.5, 139.0, 44.5, 72.0, 57.5, 52.5, 78.5, 107.0, 97.0, 67.5, 71.5, 118.5, 58.5, 106.5, 89.5, 134.5, 118.5, 122.0, 77.5, 116.0, 25.0, 103.0, 60.5, 76.0, 76.0, 81.5, 78.0, 31.5, 106.0, 98.5, 117.0, 118.0, 45.5, 62.5, 57.0, 160.5, 90.5, 110.5, 89.0, 61.0, 116.5, 65.0, 34.0, 75.0, 59.5, 114.5, 123.5, 127.5, 117.5, 58.0, 118.0, 65.0, 63.0, 63.0, 78.0, 67.0, 34.0, 114.5, 87.5, 44.0, 71.5, 70.0, 61.5, 102.0, 85.0, 65.5, 105.5, 145.5, 75.0, 60.0, 41.5, 131.0, 111.0, 125.5, 75.5, 72.5, 78.5, 122.5, 83.5, 62.0, 124.5, 41.0, 87.0, 51.5, 114.5, 75.5, 112.0, 73.5, 113.0, 95.5, 86.0, 98.5, 67.0, 91.0, 77.5, 113.5, 89.0, 118.5, 84.0, 106.5, 105.0, 90.0, 62.0, 108.0, 92.5, 63.0, 80.5, 67.0, 81.5, 75.0, 82.0, 114.0, 79.5, 82.0, 100.0, 80.5, 83.5, 109.0, 87.5, 118.0, 57.5, 77.0, 80.5, 104.0, 82.5, 58.5, 74.5, 69.0, 120.0, 81.0, 83.0, 87.5, 57.0, 63.0, 92.5, 114.0, 90.5, 81.0, 103.5, 71.0, 72.0, 98.0, 67.0, 77.5, 73.0, 87.0, 93.0, 80.0, 48.0, 66.5, 83.5, 93.5, 79.0, 87.0, 87.5, 83.5, 89.5, 83.5]
GE_last = [127.0270004272461, 125.89600372314453, 123.54654693603516, 123.41999816894531, 121.73999786376953, 120.72891235351562, 121.64788818359375, 120.31199645996094, 122.9009017944336, 122.6500015258789, 119.62222290039062, 118.0481948852539, 115.90789794921875, 119.18309783935547, 120.93939208984375, 119.59677124023438, 122.31034851074219, 123.0, 117.73076629638672, 120.4800033569336, 116.0851058959961, 117.11111450195312, 119.74418640136719, 120.31707000732422, 120.875, 119.2631607055664, 122.72972869873047, 114.65714263916016, 114.32353210449219, 119.45454406738281, 118.03125, 119.51612854003906, 114.30000305175781, 113.13793182373047, 115.42857360839844, 119.85185241699219, 117.14814758300781, 116.80769348144531, 116.23999786376953, 116.95999908447266, 115.375, 107.3043441772461, 108.13043212890625, 117.59091186523438, 116.7272720336914, 115.28571319580078, 115.42857360839844, 105.8499984741211, 111.8499984741211, 116.05000305175781, 117.2631607055664, 113.15789794921875, 113.55555725097656, 122.61111450195312, 112.22222137451172, 122.05882263183594, 133.7058868408203, 108.70587921142578, 114.8125, 112.375, 114.625, 111.9375, 111.33333587646484, 96.33333587646484, 111.80000305175781, 120.46666717529297, 113.07142639160156, 102.35713958740234, 110.78571319580078, 112.71428680419922, 117.78571319580078, 115.84615325927734, 105.69230651855469, 105.07691955566406, 106.92308044433594, 114.92308044433594, 115.91666412353516, 102.66666412353516, 114.91666412353516, 107.25, 103.83333587646484, 110.0, 110.83333587646484, 116.90908813476562, 110.09091186523438, 113.36363983154297, 103.81818389892578, 108.81818389892578, 102.36363983154297, 111.18181610107422, 118.4000015258789, 108.9000015258789, 106.69999694824219, 96.5999984741211, 115.0, 116.5, 115.5, 112.0, 101.5, 107.9000015258789, 119.33333587646484, 108.77777862548828, 118.77777862548828, 101.33333587646484, 114.55555725097656, 107.22222137451172, 101.44444274902344, 120.33333587646484, 105.55555725097656, 102.88888549804688, 99.66666412353516, 100.0, 102.125, 98.125, 113.125, 104.5, 99.0, 117.875, 109.375, 97.25, 107.0, 101.0, 114.5, 116.75, 115.0, 108.57142639160156, 105.14286041259766, 119.85713958740234, 99.0, 105.14286041259766, 107.71428680419922, 119.85713958740234, 96.0, 89.14286041259766, 97.85713958740234, 113.42857360839844, 111.42857360839844, 102.14286041259766, 110.71428680419922, 102.85713958740234, 108.57142639160156, 107.57142639160156, 96.83333587646484, 126.16666412353516, 106.33333587646484, 111.83333587646484, 98.5, 109.5, 103.66666412353516, 107.83333587646484, 96.5, 99.83333587646484, 123.0, 105.33333587646484, 109.83333587646484, 98.16666412353516, 113.16666412353516, 101.16666412353516, 101.5, 92.5, 112.5, 115.5, 132.1666717529297, 102.83333587646484, 101.0, 100.33333587646484, 98.80000305175781, 112.5999984741211, 105.80000305175781, 91.19999694824219, 99.0, 151.1999969482422, 109.0, 81.19999694824219, 111.0, 118.0, 106.19999694824219, 110.5999984741211, 98.4000015258789, 83.0, 95.19999694824219, 93.19999694824219, 96.19999694824219, 91.80000305175781, 98.0, 92.80000305175781, 122.80000305175781, 99.0, 98.4000015258789, 75.19999694824219, 112.80000305175781, 116.0, 98.19999694824219, 110.4000015258789, 94.5999984741211, 88.80000305175781, 103.5999984741211, 92.5999984741211, 98.0, 104.4000015258789, 95.5, 81.75, 108.0, 100.0, 109.25, 85.0, 110.5, 104.75, 112.25, 96.0, 115.25, 98.25, 90.0, 109.75, 95.5, 103.5, 85.0, 119.5, 76.5, 100.5, 104.75, 101.0, 95.25, 110.75, 91.25, 90.0, 111.25, 108.0, 93.0, 106.75, 90.5, 82.0, 117.75, 109.5, 85.0, 100.0, 68.75, 116.0, 99.25, 105.75, 98.75, 106.5, 99.75, 96.0, 100.5, 97.0, 119.25, 98.75, 107.5, 99.25, 87.66666412353516, 60.0, 75.33333587646484, 96.33333587646484, 76.33333587646484, 86.66666412353516, 112.0, 109.66666412353516, 70.0, 125.66666412353516, 77.0, 79.33333587646484, 57.33333206176758, 89.33333587646484, 137.3333282470703, 150.0, 106.33333587646484, 84.33333587646484, 109.33333587646484, 78.33333587646484, 99.66666412353516, 41.66666793823242, 110.0, 72.0, 75.66666412353516, 84.0, 116.66666412353516, 73.33333587646484, 80.66666412353516, 79.66666412353516, 136.0, 122.0, 96.0, 87.66666412353516, 118.0, 84.33333587646484, 95.66666412353516, 110.0, 78.33333587646484, 119.0, 100.33333587646484, 66.0, 91.0, 87.33333587646484, 104.66666412353516, 108.66666412353516, 95.66666412353516, 75.33333587646484, 128.3333282470703, 95.66666412353516, 94.33333587646484, 76.33333587646484, 89.0, 104.33333587646484, 113.33333587646484, 119.66666412353516, 86.33333587646484, 88.0, 91.33333587646484, 109.0, 96.0, 76.0, 101.66666412353516, 91.33333587646484, 103.66666412353516, 100.66666412353516, 92.66666412353516, 98.66666412353516, 78.0, 101.0, 127.0, 88.0, 77.66666412353516, 83.66666412353516, 96.0, 92.33333587646484, 91.0, 88.33333587646484, 105.66666412353516, 86.66666412353516, 103.33333587646484, 83.0, 97.66666412353516, 107.0, 115.5, 108.0, 40.0, 101.5, 121.5, 101.5, 120.0, 61.0, 85.0, 84.5, 99.5, 100.0, 152.0, 115.0, 101.0, 121.0, 65.5, 93.5, 47.0, 84.5, 56.5, 88.0, 73.5, 42.5, 66.5, 113.5, 54.5, 88.0, 103.5, 117.0, 87.0, 145.0, 84.0, 41.0, 61.0, 63.5, 127.5, 71.0, 99.0, 94.0, 70.0, 82.5, 89.5, 132.0, 71.5, 82.0, 152.0, 30.5, 45.5, 72.5, 93.5, 131.5, 121.0, 103.5, 118.0, 109.0, 67.0, 89.0, 89.5, 132.0, 76.5, 57.5, 114.5, 44.0, 78.0, 82.0, 133.0, 80.5, 123.5, 140.0, 100.5, 89.5, 124.0, 113.0, 58.5, 91.0, 84.5, 70.0, 102.5, 111.5, 64.0, 79.5, 121.5, 40.0, 53.5, 72.0, 107.0, 107.5, 82.0, 81.5, 72.0, 78.0, 79.5, 119.0, 59.5, 47.0, 74.5, 65.0, 117.5, 90.5, 115.5, 99.5, 104.5, 100.0, 67.5, 93.5, 75.0, 69.0, 57.0, 78.5, 87.0, 105.0, 80.0, 89.0, 85.0, 72.5, 80.0, 67.5, 86.0, 77.0, 121.5, 78.0, 102.5, 95.0, 93.0, 90.5, 75.5, 116.0, 81.0, 81.5, 62.0, 64.0, 107.5, 66.5, 57.5, 111.0, 69.0, 58.0, 67.5, 67.0, 59.0, 94.5, 104.0, 88.0, 87.0, 84.0, 84.0, 93.5, 69.5, 90.5, 86.5, 85.5, 64.5, 85.0, 78.5, 81.0, 76.5, 73.0, 77.5, 79.0, 87.5, 98.0, 107.5, 78.0, 88.0, 75.5]

bias = False
nonlinearity = <class 'torch.nn.modules.activation.ReLU'>
dimNodeSignals = [1, 64, 64]
nShiftTaps = [3, 3]
nFilterNodes = [50, 50]
dimLayersMLP = [9]

nFeatureBank = 64
nClasses = 9
k = 3
nLayers = 2
Feature Reduction = True
Class Reduction = True
Used Architecture = GCATNet
Edge Function = KNN Correlation
EdgeFn Threshold = 5

